150
0 174 131 363 387 290 248 152 389 152 41 40 87 347 265 454 500 460 417 467 347 471 478 187 175 316 143 50 168 352 479 418 384 383 100 190 359 494 352 97 384 2 493 39 313 166 378 294 493 359 22 8 157 121 320 154 7 10 378 172 458 103 469 322 177 158 154 467 383 17 195 440 214 27 413 402 130 239 135 164 485 307 467 495 436 19 440 285 431 121 187 318 468 459 58 174 476 83 216 221 262 488 432 193 31 232 42 432 135 309 69 22 326 112 416 373 446 39 112 428 442 460 235 444 223 154 127 484 221 388 43 481 498 184 200 19 88 483 489 292 188 494 378 495 340 215 170 140 368 500
199 0 390 440 280 331 289 345 184 349 356 264 348 127 302 186 206 10 362 191 45 293 234 153 372 52 479 195 6 499 14 245 58 340 181 30 89 404 388 225 263 65 231 309 292 194 232 246 296 44 492 443 470 3 347 36 126 73 427 30 130 448 127 129 273 76 9 76 137 159 315 173 205 336 321 187 397 293 500 46 238 158 161 95 460 463 362 331 27 83 220 182 366 264 422 69 177 454 365 391 432 393 57 236 50 460 247 442 40 320 294 363 126 367 410 195 315 268 29 487 252 424 152 62 432 5 370 345 194 456 230 192 351 406 357 150 378 436 215 437 453 37 414 432 157 249 248 275 49 103
347 366 0 150 284 190 100 128 160 143 8 305 279 124 89 303 479 247 9 77 156 193 66 275 260 280 371 99 495 332 195 32 269 144 73 158 489 290 172 484 119 70 310 187 173 177 324 200 149 62 226 307 385 350 500 59 449 42 243 383 23 160 17 68 276 261 46 120 95 436 200 294 427 316 471 409 140 233 28 80 307 252 242 101 345 10 415 364 218 1 17 335 158 195 498 39 82 203 5 110 324 240 210 213 107 364 97 373 265 81 394 52 201 195 216 238 349 497 362 119 425 336 193 378 126 376 59 137 439 440 492 106 168 69 1 409 362 173 363 470 231 113 76 56 154 98 281 402 480 371
398 168 500 0 198 403 450 309 32 55 468 164 435 382 361 56 96 413 12 27 354 52 489 471 170 137 211 150 490 29 187 244 284 243 440 377 197 204 255 136 355 218 437 453 153 489 425 218 420 226 20 233 49 462 404 412 256 207 289 293 298 122 83 203 37 385 28 215 91 202 196 129 264 110 377 388 29 416 95 413 331 425 494 459 104 161 412 44 337 283 275 489 409 162 326 76 184 274 36 7 383 260 19 264 175 388 181 151 97 151 276 165 474 395 256 96 238 6 5 254 107 378 16 174 256 430 383 46 48 188 430 177 81 227 233 153 319 33 375 30 483 67 492 48 265 66 493 20 221 460
336 78 449 39 0 346 53 422 143 260 354 154 345 139 248 498 72 143 19 109 258 239 89 274 23 4 190 27 411 293 443 222 323 126 167 303 459 131 131 136 342 178 240 498 467 471 418 422 264 128 176 328 246 47 137 158 480 94 86 60 166 180 363 450 470 145 347 347 107 360 137 176 271 104 126 418 493 270 40 211 110 210 306 33 249 256 331 35 328 396 111 305 417 353 309 159 117 469 45 376 54 222 44 431 105 3 205 266 178 456 76 47 200 7 78 282 134 418 464 164 201 225 399 175 237 1 74 194 398 55 237 236 370 196 436 434 354 127 15 118 97 386 401 389 420 483 243 209 219 357
246 467 284 348 354 0 83 188 391 324 232 67 359 384 53 287 26 260 289 112 433 168 92 47 478 236 281 180 470 249 253 332 227 153 15 61 136 27 483 196 422 156 420 289 76 439 80 392 172 102 399 474 277 456 487 288 270 36 211 11 440 32 447 388 241 127 399 311 61 380 146 190 411 170 239 99 392 328 128 478 116 12 197 461 416 201 355 369 430 485 105 67 373 151 317 416 54 367 490 74 251 129 105 473 245 361 12 273 281 222 61 108 270 187 466 206 145 374 141 195 97 319 87 105 406 296 482 296 95 67 138 38 431 130 489 451 362 318 67 363 272 21 406 2 209 47 321 181 492 275
367 380 191 170 71 29 0 492 498 497 257 248 312 308 289 429 453 141 246 327 445 172 346 407 120 428 489 260 465 402 473 209 391 168 156 7 39 257 459 367 274 63 332 17 355 333 283 290 69 83 231 118 180 166 36 232 65 92 245 5 55 11 46 454 164 22 312 169 109 136 486 60 468 253 195 276 240 480 390 166 205 75 71 280 453 333 293 256 81 174 425 54 28 176 106 199 454 118 178 156 367 260 116 157 47 121 101 373 286 489 157 450 31 482 304 87 41 28 331 426 274 203 210 155 160 438 336 188 58 447 369 432 22 301 201 446 71 397 411 112 305 174 63 429 485 378 152 214 27 94
25 184 426 124 78 2 388 0 91 392 337 429 365 223 390 11 102 262 157 478 473 493 487 216 200 119 349 430 449 79 378 300 131 28 158 478 62 126 126 171 302 391 119 279 455 377 373 336 233 7 431 148 414 454 104 444 42 292 46 443 52 211 47 343 146 49 335 27 348 169 377 292 312 399 82 422 403 121 3 378 354 112 252 177 197 73 97 125 28 245 40 429 192 369 232 498 372 472 223 353 5 259 93 170 230 368 261 342 454 71 82 492 85 269 336 151 208 93 322 4 42 44 250 81 134 127 123 161 426 78 134 446 74 91 174 247 300 354 32 365 55 443 476 49 475 141 494 464 473 258
429 496 319 350 476 39 240 171 0 206 22 488 423 406 395 135 320 87 471 440 493 383 429 294 376 363 37 282 173 34 203 472 409 79 235 236 489 108 174 335 302 310 263 185 6 23 344 362 270 317 381 239 132 96 344 106 370 84 275 426 452 248 465 373 296 301 115 428 290 249 372 199 191 339 369 306 373 215 89 58 52 109 489 427 234 350 62 71 271 397 302 299 48 198 240 242 377 344 122 314 448 136 418 251 52 357 200 180 233 134 283 114 137 202 281 428 270 324 58 251 127 406 159 466 211 395 79 150 119 414 139 80 310 65 495 373 479 287 327 429 101 419 331 245 142 176 221 384 482 257
346 395 149 233 328 460 355 75 426 0 144 447 277 175 305 38 46 228 199 351 275 322 4 226 378 122 316 49 344 204 69 410 55 183 18 459 475 487 174 486 27 458 333 172 127 328 235 63 406 128 59 284 217 194 393 231 161 218 131 384 293 418 316 223 487 174 332 224 220 51 415 281 185 161 233 114 114 286 341 110 428 156 444 232 237 489 372 24 219 22 447 412 193 66 233 467 45 90 70 106 458 178 442 319 355 332 97 49 160 480 470 316 248 114 479 209 127 43 65 417 185 256 439 428 11 183 498 471 135 305 193 365 394 282 327 277 480 248 469 372 454 138 359 51 301 257 69 411 183 404
138 30 194 297 291 396 263 328 158 52 0 169 472 257 156 350 66 419 186 455 165 315 435 305 323 304 91 196 216 497 187 336 63 462 210 162 106 389 318 38 195 398 369 415 292 41 287 263 471 198 462 362 173 37 292 373 264 53 402 268 382 239 246 240 434 297 188 36 233 132 47 495 447 495 500 424 70 247 18 271 386 232 301 465 24 253 88 341 304 373 293 184 219 51 442 470 406 413 328 200 103 198 234 171 228 22 422 326 304 336 247 474 208 409 488 309 408 387 322 294 218 192 176 317 2 5 223 36 400 241 333 439 86 468 366 29 360 457 219 215 4 450 9 472 66 438 447 352 285 422
466 149 496 281 498 425 455 381 71 222 26 0 89 413 427 248 171 332 65 481 306 51 161 256 136 149 31 134 192 134 14 126 223 38 349 434 458 175 470 345 402 45 107 139 451 19 63 194 108 443 373 173 397 475 201 306 462 279 385 222 129 491 57 488 354 435 225 456 205 410 50 455 309 109 233 422 182 259 10 396 233 86 393 131 449 441 34 12 420 486 129 230 289 272 273 384 485 275 109 281 65 91 361 429 386 378 240 469 109 247 78 303 303 347 461 498 308 322 242 186 160 50 168 74 439 380 240 390 383 444 500 265 168 496 222 192 124 17 255 342 282 310 460 138 340 242 428 379 340 441
393 137 442 52 419 161 430 257 188 81 174 470 0 7 487 216 69 136 349 89 258 62 377 432 400 148 283 458 303 105 163 451 479 442 236 4 371 448 62 413 63 450 152 66 215 429 155 158 7 284 500 142 412 396 288 83 456 232 178 488 226 299 472 185 404 393 348 467 446 268 79 153 6 406 402 220 211 475 60 396 256 464 330 21 488 466 278 322 490 135 147 145 356 191 401 275 430 269 269 389 23 207 243 23 185 298 53 263 7 5 245 172 439 491 473 399 16 176 143 166 130 242 451 80 136 347 137 102 217 145 233 255 89 400 435 422 105 87 500 221 367 428 123 411 383 36 460 111 406 381
82 141 85 90 82 86 93 53 268 158 345 271 124 0 27 311 276 328 439 54 258 86 344 405 121 498 397 218 294 417 208 445 260 492 222 266 194 451 3 58 471 494 154 400 242 211 255 277 334 73 298 179 287 106 459 26 181 386 265 147 206 472 481 272 449 69 89 39 214 404 372 140 31 450 415 242 90 51 341 158 233 282 461 416 405 238 317 102 93 273 154 339 383 386 187 171 425 329 328 226 284 27 87 299 415 90 469 438 410 392 135 442 352 273 447 101 194 432 172 458 269 434 156 493 205 227 142 388 495 100 379 242 218 411 164 366 34 183 232 361 485 402 322 289 340 304 155 303 453 338
462 463 182 418 103 67 488 142 438 23 418 8 7 231 0 212 33 336 358 372 311 393 60 169 262 151 376 354 394 413 161 168 83 20 24 243 12 199 171 328 212 363 420 150 59 407 317 389 310 122 359 402 83 469 43 137 324 338 79 348 238 363 88 412 223 399 260 396 270 486 417 55 130 443 230 104 335 431 53 303 41 371 414 180 180 304 218 499 467 285 283 105 243 445 13 316 275 273 335 374 182 55 492 91 176 88 304 464 443 328 303 311 213 409 448 470 352 22 362 63 132 402 11 186 295 395 292 374 426 185 406 38 1 479 404 266 367 327 419 322 194 409 478 42 61 367 158 105 98 137
52 228 131 19 314 40 214 58 153 112 21 266 324 326 197 0 228 483 189 353 390 319 427 263 176 263 225 179 355 174 263 407 492 178 98 252 44 126 408 29 314 405 40 33 29 97 372 116 402 60 356 244 414 179 113 379 119 307 89 117 331 210 482 215 10 265 330 474 187 233 202 415 373 255 461 330 347 295 61 195 176 392 446 218 305 411 310 206 79 445 267 386 115 62 41 225 112 106 20 195 336 241 202 355 220 347 26 446 86 60 356 159 143 389 22 499 308 93 495 58 290 150 141 278 132 462 319 283 477 410 16 313 447 365 485 176 466 270 351 495 188 375 446 13 221 49 408 448 499 85
195 46 223 8 388 217 123 407 243 140 416 421 483 337 401 175 0 438 273 426 204 32 448 16 129 73 321 139 203 342 33 36 245 132 217 58 4 425 216 403 7 36 252 193 309 216 31 471 313 304 326 395 321 413 181 198 316 195 405 325 220 353 252 294 204 16 107 376 100 306 104 216 33 276 350 277 168 188 156 244 414 250 116 459 92 434 496 39 338 457 457 428 238 132 366 477 323 282 256 17 492 125 399 210 227 408 405 94 336 77 5 449 106 450 267 347 306 381 460 423 304 15 319 79 378 330 280 222 268 41 423 130 41 261 21 336 462 411 424 138 10 153 437 189 97 162 289 213 252 228
445 52 256 135 95 71 375 207 280 174 339 139 273 296 411 195 397 0 499 371 66 474 110 49 114 254 165 410 189 65 465 110 233 85 295 373 461 99 239 199 164 322 48 26 412 185 297 318 314 157 429 69 388 290 377 472 242 140 322 257 414 311 341 180 304 13 114 25 125 428 495 292 295 275 42 1 84 26 122 125 98 170 432 208 253 191 43 485 465 110 286 466 470 250 448 243 67 47 413 480 124 366 343 335 468 472 392 151 174 345 127 84 23 387 398 2 189 372 120 241 439 71 89 13 484 440 150 453 18 159 284 405 94 241 76 89 30 342 374 274 44 442 280 106 351 412 115 447 58 47
175 270 305 247 366 436 116 164 209 216 291 370 319 493 64 459 379 40 0 357 297 381 47 342 128 421 103 232 122 79 180 468 460 99 351 424 116 299 268 170 282 404 69 48 296 110 496 251 156 428 182 265 35 478 122 37 11 358 1 420 36 241 171 491 476 203 405 316 281 269 285 121 4 10 416 281 94 274 315 230 438 134 388 437 220 234 326 171 60 270 151 147 262 374 24 334 238 204 32 461 127 260 28 260 380 363 455 116 377 217 111 382 315 490 97 329 6 61 241 263 49 2 391 232 257 296 6 173 261 162 240 499 371 106 480 497 48 85 385 419 463 182 500 233 468 310 73 499 64 375
269 456 58 234 399 408 420 261 337 328 316 323 200 420 210 324 247 193 27 0 331 196 72 331 438 41 351 299 195 270 82 393 120 143 68 431 40 253 67 315 487 316 457 50 431 488 261 270 148 315 56 20 371 89 190 323 177 233 479 318 293 211 146 446 353 334 243 229 394 233 67 393 99 167 32 19 443 377 309 55 128 92 43 366 41 376 370 475 56 332 128 9 72 17 370 375 309 292 457 377 42 326 48 458 374 178 238 421 79 289 184 308 292 113 325 25 119 25 488 284 114 196 450 456 275 101 68 133 210 51 80 401 23 417 316 107 249 408 14 370 384 325 278 415 351 37 446 304 18 194
280 365 298 228 394 247 299 407 412 221 11 323 388 395 130 311 446 384 465 252 0 413 433 166 94 302 16 52 163 394 308 115 219 210 418 260 190 172 381 51 361 480 7 415 97 417 337 71 307 109 446 36 11 486 218 82 470 253 218 222 193 454 236 78 29 401 315 115 99 387 291 251 19 244 18 498 331 479 390 270 168 417 413 456 386 478 199 346 112 395 63 112 246 448 320 198 356 132 344 389 232 416 147 427 345 144 266 414 144 239 286 233 459 347 28 41 30 479 330 20 341 97 45 470 348 110 240 398 442 26 416 103 306 276 302 335 1 10 467 2 381 294 11 190 468 201 147 335 338 248
265 283 206 423 408 466 348 7 333 21 492 476 76 144 157 95 274 82 17 450 4 0 99 102 465 204 450 107 314 199 423 177 354 498 311 241 302 409 347 330 391 55 442 314 19 213 308 167 491 49 315 239 265 426 96 476 15 373 247 221 492 232 261 415 157 239 184 342 198 498 430 270 174 427 153 143 331 382 146 173 409 242 95 288 44 78 298 394 85 422 199 374 369 37 200 464 37 7 41 368 466 498 464 398 47 110 31 145 12 202 40 170 33 124 343 459 405 353 110 22 386 149 112 87 276 35 299 480 217 18 357 240 434 4 56 160 71 482 330 30 131 182 295 5 59 461 432 399 48 78
307 466 484 497 441 451 278 16 45 322 21 382 62 267 268 31 309 423 370 351 149 318 0 310 380 466 20 417 497 346 178 473 235 83 102 470 377 12 174 37 362 379 378 166 326 328 451 356 75 19 357 260 135 241 78 162 183 465 482 46 210 381 355 485 417 78 276 34 312 294 273 131 327 226 428 166 385 25 93 243 61 13 327 139 207 64 327 239 308 215 313 342 136 219 293 491 375 279 164 377 466 41 247 415 111 174 265 217 474 267 356 268 157 57 355 363 371 479 353 121 23 48 434 461 284 486 59 164 98 25 94 354 122 428 87 395 481 392 41 426 152 159 34 14 57 107 327 123 363 225
165 7 400 122 349 130 277 381 469 290 223 83 277 97 203 407 119 369 338 216 412 340 241 0 398 237 399 368 470 265 493 253 217 20 236 28 483 11 250 22 68 36 240 302 427 144 294 461 46 312 114 46 432 356 406 255 373 391 248 443 391 125 339 479 271 327 412 247 386 73 326 397 201 220 143 253 297 364 92 439 355 279 22 186 478 375 377 435 327 285 95 54 181 235 96 57 488 365 314 463 373 189 52 91 370 333 166 489 158 363 475 70 86 327 248 390 182 224 59 140 329 207 393 370 298 47 192 395 481 26 337 144 92 283 382 402 123 223 74 416 266 485 59 431 48 146 392 380 407 116
486 133 65 138 302 366 138 41 14 68 298 247 386 471 123 51 12 362 361 348 480 240 226 380 0 181 7 39 484 413 261 120 424 344 299 228 450 89 406 470 452 157 264 79 48 97 187 483 119 16 310 331 213 21 75 300 405 200 137 491 186 302 379 427 333 268 473 277 324 445 299 428 83 88 329 143 210 148 447 366 205 298 193 389 75 121 421 88 18 480 297 47 148 119 303 159 464 147 408 26 7 459 495 272 448 219 417 211 487 443 225 142 149 112 415 66 348 57 92 127 251 132 375 165 259 9 255 121 386 336 266 170 400 180 410 71 401 361 226 290 264 326 250 366 335 107 343 283 121 278
473 272 187 429 205 78 45 187 245 223 343 266 212 10 55 315 79 451 2 76 275 46 225 288 488 0 488 111 50 151 10 53 248 10 476 323 340 159 493 268 451 439 267 100 112 258 420 455 225 262 387 494 112 453 143 298 406 82 283 59 1 441 365 241 178 361 54 135 235 57 238 111 325 385 150 225 285 265 31 222 140 56 413 125 37 197 25 423 188 434 81 329 181 326 421 253 170 197 363 405 178 280 51 33 48 480 232 366 68 31 141 327 116 438 259 361 480 366 376 169 296 211 473 476 229 246 15 362 324 38 263 409 237 397 326 177 468 343 25 470 5 37 14 178 77 209 428 20 247 275
316 499 466 114 233 456 271 428 54 492 482 228 328 486 407 118 499 324 168 105 248 434 79 345 238 239 0 310 476 26 376 93 172 140 476 323 430 198 322 489 460 236 266 233 282 164 40 421 458 322 291 76 13 175 196 422 407 393 478 25 256 141 316 107 195 491 98 223 352 59 320 335 139 130 153 221 69 229 205 120 314 210 233 222 354 44 223 376 130 420 296 236 139 238 471 259 254 452 393 457 46 414 154 397 303 229 78 207 120 142 133 433 6 484 454 401 236 109 48 461 487 264 241 148 358 190 131 101 363 73 215 388 311 121 148 253 326 219 137 288 131 225 210 431 376 82 128 444 394 420
345 368 74 428 389 278 134 382 59 428 469 423 24 247 42 468 350 187 149 131 441 364 205 423 253 215 401 0 59 276 124 435 153 121 57 407 3 180 61 395 51 57 342 352 178 297 331 216 276 100 208 171 430 65 272 309 362 94 387 204 294 293 493 392 76 178 215 397 259 40 204 66 9 122 89 351 354 401 29 210 337 371 271 242 39 99 289 98 434 396 35 136 176 163 257 292 267 407 282 405 500 160 182 441 334 299 31 377 35 383 186 135 192 49 251 481 127 7 487 198 491 137 96 237 305 435 344 247 328 334 492 156 245 157 484 132 51 498 172 245 358 411 384 367 44 59 113 346 441 14
61 142 208 136 351 479 280 211 330 167 174 482 397 455 371 248 435 364 489 392 443 10 185 14 284 335 378 284 0 136 254 169 410 451 202 89 250 450 112 21 11 113 30 189 320 92 137 449 379 19 49 133 59 166 500 204 34 316 134 373 472 445 424 99 243 466 342 480 426 431 82 33 126 402 19 478 100 357 497 52 229 374 255 44 383 287 82 234 495 199 435 242 221 387 42 427 223 274 347 133 304 318 375 489 413 28 181 454 256 47 117 70 360 327 124 413 276 238 185 333 325 404 451 382 340 202 7 331 316 277 469 132 385 291 482 396 402 260 338 478 495 445 123 48 249 293 217 17 412 139
319 68 397 332 415 491 285 115 8 132 277 79 266 350 485 433 66 128 366 275 430 489 152 431 369 71 329 141 3 0 14 438 271 380 97 185 346 478 46 378 438 245 186 462 84 433 449 487 29 435 268 97 264 400 231 273 435 294 167 426 278 114 437 137 324 199 428 272 56 18 435 60 431 322 320 164 477 491 176 83 2 273 473 279 455 116 41 409 153 68 224 119 362 341 482 361 13 285 60 380 9 138 222 464 349 499 454 120 184 140 433 260 342 196 178 244 199 51 226 150 343 450 177 391 428 46 417 130 98 156 324 381 367 235 66 416 125 248 485 397 446 95 283 493 156 141 375 488 143 261
106 1 340 358 356 198 346 334 308 121 127 299 465 362 205 106 18 19 175 259 455 331 412 78 272 354 333 141 434 498 0 492 341 121 409 267 406 389 312 124 291 238 10 446 472 441 36 109 238 283 392 264 169 310 139 444 173 344 39 391 438 438 175 30 144 246 248 155 272 365 482 392 93 195 355 197 298 197 395 340 157 452 465 9 212 329 105 435 252 89 76 302 394 297 363 499 107 274 423 397 262 258 74 237 24 391 74 43 370 204 309 491 340 12 112 391 397 165 26 181 243 442 325 346 372 384 89 387 331 166 100 446 87 125 365 234 233 483 135 446 473 111 169 314 14 407 270 278 237 359
123 211 107 148 60 112 99 312 267 213 393 443 273 53 444 464 424 77 320 99 490 311 96 454 389 374 138 402 190 223 19 0 326 410 300 87 492 350 27 234 251 126 489 184 14 436 157 386 165 241 92 161 303 283 31 273 276 497 205 43 430 294 205 84 378 248 317 24 208 209 213 381 292 106 52 326 368 187 226 118 60 43 143 172 294 456 398 188 323 258 344 338 81 2 250 159 299 159 431 21 91 422 98 56 404 226 381 338 445 355 392 264 59 117 49 245 90 165 281 222 167 356 233 371 17 209 322 99 117 92 46 49 264 135 13 279 361 259 287 192 274 342 392 420 81 27 365 350 242 21
339 104 239 367 223 474 90 8 163 347 156 26 233 13 269 154 57 354 185 407 388 402 402 321 458 326 110 373 171 248 384 375 0 430 187 92 214 45 234 42 430 84 469 283 35 21 5 77 22 234 217 210 401 335 251 154 304 351 5 286 6 334 159 362 118 326 281 272 311 239 478 484 484 170 330 167 186 431 332 171 199 86 144 468 408 208 248 14 393 461 417 409 389 377 225 385 427 96 91 426 349 327 86 75 332 65 212 332 100 419 233 233 364 275 212 138 453 243 339 345 14 329 246 303 282 467 386 142 136 399 49 221 426 78 384 220 329 191 240 422 278 418 70 91 72 475 325 252 271 31
375 293 300 420 195 242 35 23 414 75 52 302 426 477 107 125 92 158 232 347 6 30 369 124 254 143 402 361 10 323 342 468 395 0 203 193 101 422 166 486 485 41 46 144 357 433 20 332 10 7 429 397 323 82 242 382 437 243 496 161 37 203 92 303 294 40 264 15 434 78 333 231 248 256 458 401 245 122 350 385 282 292 33 141 72 370 205 199 48 448 330 97 445 185 244 316 34 110 195 340 166 41 278 305 170 198 127 283 372 129 94 68 258 212 269 183 383 2 242 339 271 37 197 316 220 26 380 453 39 109 229 37 19 337 221 213 201 401 368 311 281 407 392 406 218 411 325 459 149 307
47 229 62 59 45 67 404 174 184 283 1 220 193 304 424 486 173 304 167 206 472 155 477 356 395 140 182 204 252 481 234 453 17 420 0 251 183 14 34 135 459 389 461 327 91 2 380 461 170 494 94 267 300 111 307 115 475 243 195 462 399 354 95 417 338 470 43 173 372 106 192 385 126 303 245 103 97 447 219 485 73 304 90 54 114 11 159 76 344 412 3 154 256 5 496 230 381 348 174 225 276 336 258 31 34 95 82 124 116 42 437 471 314 124 172 233 297 391 278 280 402 492 185 420 275 290 426 494 480 425 432 93 286 79 241 165 411 452 6 276 127 53 251 193 139 284 463 312 60 415
430 139 328 383 431 350 288 486 389 296 194 327 250 344 232 115 492 316 318 349 334 347 303 383 147 362 88 491 62 38 20 168 449 260 369 0 434 383 99 120 343 19 53 13 200 482 108 422 160 146 492 235 327 66 233 478 50 127 305 334 268 466 59 482 51 244 134 424 423 231 470 325 6 327 160 5 181 182 264 481 9 68 105 64 212 484 158 57 445 433 228 286 84 401 6 387 237 314 366 388 212 441 177 16 468 157 335 412 279 17 264 376 317 220 248 24 253 103 23 7 381 258 120 352 428 332 353 390 18 60 409 458 345 411 125 233 398 66 262 289 379 235 216 452 140 224 89 474 403 252
434 450 107 8 338 89 380 256 159 113 93 391 258 251 175 128 200 401 279 283 455 270 199 391 454 273 478 104 341 142 355 112 138 171 471 488 0 53 325 87 490 305 376 475 189 126 210 85 448 398 252 396 91 421 204 433 107 469 325 17 249 66 423 373 227 296 133 371 347 49 344 414 436 81 279 231 160 500 344 278 324 10 337 113 339 497 357 75 184 498 402 170 262 133 354 43 111 282 32 496 239 99 85 439 157 32 157 410 101 399 144 196 500 90 136 17 8 204 317 194 370 233 267 471 401 103 200 294 375 439 487 78 331 120 500 445 161 107 59 380 108 265 290 209 5 425 91 269 449 55
214 180 237 297 52 126 307 66 436 307 441 491 76 1 463 195 371 102 433 284 104 32 77 326 475 90 240 64 411 300 10 457 217 408 112 485 42 0 375 227 207 448 166 177 35 284 253 121 41 59 398 349 252 172 43 180 69 136 319 205 356 500 198 276 58 342 229 253 402 297 284 425 59 204 498 429 197 409 71 92 440 126 418 63 38 360 461 112 451 381 367 370 488 459 415 46 284 484 96 322 164 92 229 368 109 132 485 474 471 211 369 279 21 57 201 65 109 34 308 59 295 43 29 323 421 494 264 79 411 393 408 184 401 245 128 314 66 79 32 147 108 181 180 167 20 133 183 284 409 101
199 392 116 454 129 396 365 174 73 313 272 166 131 352 325 143 446 221 89 389 174 160 143 211 472 294 83 304 135 121 488 384 112 63 465 256 459 339 0 184 2 87 178 46 71 56 75 164 426 75 432 246 451 76 243 469 165 184 89 161 389 76 48 78 404 353 5 212 56 96 258 152 279 44 260 179 204 287 60 191 372 258 421 47 70 381 58 8 314 49 461 437 270 452 170 420 228 35 429 495 440 125 286 254 251 448 313 65 187 357 355 486 373 454 256 485 4 414 486 260 116 367 9 17 49 355 486 120 461 218 417 368 336 369 225 465 13 276 93 491 311 212 82 182 440 153 64 4 267 395
171 228 12 354 487 217 155 223 150 33 43 341 263 476 181 342 422 32 102 495 361 180 236 468 415 390 481 104 393 282 21 102 224 429 331 46 65 74 172 0 142 76 397 74 141 480 18 488 424 276 159 28 369 38 220 298 98 103 268 440 130 323 161 500 481 429 23 132 30 172 419 400 23 262 340 287 223 235 387 185 429 102 438 31 269 244 438 176 29 493 16 1 332 184 48 369 277 497 73 188 419 207 412 455 380 324 278 66 40 493 93 425 451 20 448 269 358 252 312 244 268 289 329 231 414 187 382 375 29 381 499 482 248 490 96 397 283 29 412 21 424 57 50 389 391 416 273 121 408 137
115 254 288 130 437 100 202 44 164 255 222 165 296 82 480 20 206 349 73 483 102 298 76 277 492 495 396 439 55 455 250 66 361 372 487 190 99 74 470 417 0 253 264 401 14 495 303 416 260 248 79 395 311 434 40 34 335 374 408 149 280 447 370 65 399 468 357 248 350 294 157 287 384 456 16 128 168 403 212 151 138 134 188 343 321 447 62 379 52 410 494 113 198 334 192 28 80 294 383 356 430 53 442 210 35 207 400 230 73 384 91 396 208 264 485 463 353 121 292 386 195 77 370 83 92 395 159 69 351 286 317 78 201 101 38 357 351 369 12 179 422 139 335 267 152 18 227 442 24 327
407 146 241 458 383 12 254 467 467 307 391 428 312 184 487 497 301 454 330 365 381 434 450 181 121 95 144 252 111 162 31 112 428 345 323 271 276 210 204 277 252 0 249 379 408 21 418 12 313 184 226 389 366 444 391 485 58 115 321 301 30 343 180 348 187 310 491 220 10 20 375 240 408 148 469 305 336 470 91 111 352 240 258 38 203 57 280 367 44 249 191 147 181 301 430 259 169 294 35 471 394 484 105 126 138 69 63 90 220 327 325 377 254 385 117 477 218 126 63 329 230 235 191 484 369 206 384 255 379 460 296 169 106 471 292 288 160 495 438 46 344 207 328 311 239 175 468 251 139 475
252 432 98 252 473 306 192 209 402 314 34 53 150 39 387 288 338 145 347 434 448 433 328 217 356 455 77 41 414 491 139 16 171 470 365 326 87 243 95 104 177 84 0 338 358 442 331 331 196 7 468 458 92 465 48 239 100 219 252 327 195 379 264 20 175 77 361 7 294 192 279 270 100 70 91 473 8 310 237 157 220 401 350 440 265 335 384 264 323 300 66 351 472 260 491 82 456 275 273 399 352 121 331 316 361 319 50 248 302 250 322 349 76 330 83 76 51 166 308 437 110 262 335 407 3 345 272 342 78 328 52 39 496 381 405 191 177 396 212 67 67 457 339 402 346 436 233 301 95 373
115 103 86 31 200 250 186 494 44 2 7 363 166 37 212 315 105 308 109 450 169 157 364 109 177 249 477 420 150 3 225 122 434 304 495 138 1 19 341 465 490 402 328 0 335 196 130 321 394 480 452 285 471 275 352 293 231 288 175 394 167 446 158 468 330 258 18 366 495 32 232 449 180 149 478 438 333 478 466 79 229 85 419 339 162 248 157 6 146 447 342 247 281 387 390 148 339 88 191 499 98 312 108 242 96 228 450 251 303 246 472 298 429 377 458 473 320 145 482 292 373 257 370 286 71 283 371 310 454 4 389 44 367 74 180 275 184 194 264 485 446 437 104 7 238 389 76 200 304 163
170 98 202 62 291 360 400 206 168 255 379 397 452 247 159 432 315 41 270 82 89 460 500 447 150 457 202 16 398 307 343 313 21 406 308 3 373 38 384 389 434 452 46 311 0 420 294 232 89 20 396 63 496 496 215 497 122 493 460 213 449 301 301 351 373 166 264 351 117 119 341 36 371 236 419 430 445 140 115 67 269 254 443 324 345 14 42 35 143 97 76 246 320 190 90 272 429 431 405 192 257 171 289 364 40 310 326 298 280 93 24 44 55 295 313 341 399 301 146 250 163 457 368 456 75 275 144 310 255 300 185 387 197 287 79 96 483 430 79 407 358 52 401 454 44 478 187 174 409 477
60 122 19 492 5 211 68 499 134 44 319 30 120 32 199 421 295 155 19 99 357 289 271 149 314 458 334 477 499 32 351 128 149 338 30 104 138 228 414 486 304 370 192 463 311 0 491 201 284 281 51 11 478 487 145 4 3 241 150 162 462 380 227 346 383 99 149 245 380 175 56 357 261 391 43 327 10 41 304 137 356 319 3 148 176 464 329 280 51 464 168 289 382 245 330 432 19 93 63 323 472 482 464 337 277 319 420 274 269 12 347 92 426 228 352 332 321 177 18 240 174 142 148 438 484 281 177 325 27 113 96 393 362 226 417 45 214 113 402 27 50 332 320 412 231 123 400 478 293 355
86 160 79 407 240 146 476 223 72 121 155 261 456 123 66 427 369 384 354 45 171 19 185 240 351 61 425 247 14 486 397 480 359 370 236 410 395 223 108 328 41 6 384 383 314 454 0 45 36 307 45 479 489 342 497 344 434 188 422 335 316 86 140 290 42 184 373 352 117 70 460 383 229 35 11 443 84 418 55 38 17 356 20 24 396 237 101 20 473 127 446 392 304 189 475 491 458 348 440 14 245 495 392 396 186 138 459 260 301 40 53 483 239 452 29 487 184 255 327 482 324 173 46 466 90 145 217 301 380 92 41 376 305 87 56 204 469 70 379 80 228 303 254 35 267 431 210 8 21 496
493 486 55 269 284 52 378 420 386 76 98 429 288 84 252 211 334 301 417 62 383 199 390 475 164 330 267 45 345 371 199 101 258 120 345 329 121 469 205 220 167 292 154 190 486 298 218 0 304 304 424 431 178 62 266 177 274 144 148 450 122 422 265 445 20 79 487 169 459 477 453 350 283 105 366 300 361 380 209 201 143 209 359 309 386 401 127 149 72 280 3 236 392 117 156 49 447 352 403 486 194 372 212 45 228 58 190 81 110 466 353 434 414 202 307 98 260 93 102 253 469 378 254 382 233 362 111 42 354 197 189 471 45 364 478 70 156 470 390 312 222 8 114 9 432 360 279 452 450 187
31 459 382 79 99 213 147 475 411 180 325 425 388 89 407 163 268 305 186 24 467 448 473 408 107 217 122 259 118 51 197 347 292 104 375 18 400 52 144 152 446 275 474 484 64 459 424 240 0 479 230 59 476 114 246 320 199 349 150 492 31 162 372 225 306 32 208 330 160 294 66 410 192 47 102 160 33 167 393 462 27 19 57 491 489 306 343 307 263 31 301 82 41 313 180 36 475 122 423 453 450 60 258 19 455 37 157 181 5 55 458 68 213 352 282 43 4 221 209 288 202 264 367 499 122 474 313 123 275 71 136 470 268 392 180 212 18 371 19 104 381 271 69 282 108 301 274 67 277 411
236 38 379 433 163 496 20 300 289 51 465 281 373 466 232 251 71 203 51 323 345 53 32 27 484 165 456 140 134 165 35 264 173 19 226 245 163 348 444 88 41 402 216 21 469 451 281 240 263 0 197 223 312 426 496 439 277 128 365 322 311 125 265 17 120 31 498 496 475 349 95 136 57 395 42 458 203 251 305 458 423 93 450 161 137 61 311 400 332 319 115 381 323 289 488 491 385 350 296 203 495 352 410 149 46 193 157 120 163 183 89 189 167 407 436 225 196 48 269 474 177 132 459 240 109 212 204 242 371 203 286 221 39 270 241 331 116 365 454 115 448 193 78 356 95 185 477 216 403 341
298 261 191 110 108 238 449 323 380 303 285 36 363 273 236 84 130 42 423 148 103 134 180 44 202 238 202 90 491 210 394 208 102 500 234 161 223 65 216 40 67 245 422 249 104 54 355 371 63 44 0 275 109 10 232 394 329 43 225 24 63 241 203 161 265 457 415 312 336 229 133 445 183 424 117 343 468 335 93 28 324 165 43 449 382 268 161 478 35 314 129 361 339 313 42 38 129 357 103 439 21 430 354 491 16 306 411 84 144 156 162 5 207 158 43 49 356 17 21 294 205 227 274 105 487 267 280 200 422 231 78 289 195 12 191 84 137 107 112 453 378 233 499 164 388 367 53 147 483 108
336 428 497 53 360 132 194 179 431 126 463 201 480 231 266 277 228 135 453 495 155 366 467 253 219 215 429 234 241 300 14 390 231 70 188 203 53 440 200 37 393 271 424 202 168 26 311 373 18 388 378 0 326 482 184 464 143 119 358 122 385 273 409 52 472 154 37 188 59 354 441 69 34 474 166 172 414 129 124 136 324 157 470 420 24 226 383 105 25 282 379 12 330 329 139 134 106 334 106 162 316 270 290 402 301 157 146 431 475 435 267 390 482 460 20 468 242 23 499 115 124 425 62 53 118 190 170 459 112 211 12 25 276 228 473 435 114 138 468 81 256 108 491 281 232 39 211 265 484 368
233 63 69 268 442 375 433 154 310 285 235 169 150 383 127 321 94 155 278 30 419 97 147 23 58 289 181 276 316 264 419 464 497 380 478 491 152 127 288 101 441 52 28 471 129 229 420 400 139 151 305 180 0 134 378 106 228 70 81 416 457 475 239 314 62 17 400 435 70 238 416 127 28 392 426 301 181 300 114 141 402 147 202 296 346 396 87 344 308 372 16 446 458 194 416 305 11 334 61 134 120 466 358 157 380 169 103 411 146 45 361 145 407 393 52 262 369 69 307 260 100 362 202 354 119 254 219 135 285 375 346 27 204 491 75 73 419 479 367 485 76 221 435 185 199 57 347 17 365 248
270 358 186 95 48 6 309 425 25 453 104 352 275 81 327 69 423 438 172 404 234 474 223 221 224 288 147 267 75 134 54 347 73 307 72 479 307 499 293 277 465 143 60 359 414 169 349 85 135 204 350 113 169 0 252 350 284 450 334 59 331 276 43 464 98 396 311 139 136 246 137 8 254 466 456 344 347 183 396 471 208 119 193 167 291 493 361 488 245 488 340 264 201 121 219 192 242 99 266 180 494 232 235 35 377 214 290 137 114 243 156 383 449 221 291 94 451 432 81 325 260 331 27 404 213 443 197 483 392 220 489 177 286 107 360 32 446 305 59 491 149 126 430 481 260 379 385 219 50 64
352 460 70 490 296 474 199 48 382 30 480 126 410 434 6 172 179 111 11 83 141 278 311 329 408 96 181 53 169 391 27 91 435 429 318 48 167 17 170 256 218 284 278 473 314 422 98 465 318 111 479 20 356 257 0 235 202 246 251 355 230 321 166 104 59 42 247 358 80 277 400 120 438 176 439 42 146 292 59 180 224 141 451 482 368 476 363 13 247 71 34 107 323 192 84 430 443 113 272 275 332 249 199 32 301 380 241 41 138 405 96 184 343 133 193 41 200 205 148 400 426 199 5 25 5 336 223 192 14 281 332 418 229 123 146 315 400 444 478 388 206 92 262 167 429 362 42 182 255 330
35 310 425 490 360 118 197 217 451 443 107 386 458 408 163 294 66 468 150 43 165 450 306 145 384 73 131 162 317 334 178 126 104 313 235 100 452 11 32 37 430 67 144 196 247 484 315 317 428 395 389 167 43 451 243 0 20 159 154 409 185 327 342 375 419 398 432 45 182 20 464 326 239 174 195 264 388 162 449 27 316 397 170 179 96 303 327 181 11 307 184 337 201 248 428 29 53 200 262 160 161 380 363 383 146 314 477 385 134 114 447 409 303 485 329 401 368 445 264 435 212 353 132 445 438 112 336 1 98 27 133 120 64 212 330 7 203 79 394 104 425 196 477 8 293 225 369 362 167 207
387 318 223 136 114 108 56 1 129 162 493 439 422 17 443 203 437 326 223 179 471 57 208 90 362 262 329 384 378 234 148 227 62 297 470 417 362 382 68 172 435 86 336 382 62 275 402 499 455 25 210 59 264 356 460 295 0 487 249 5 462 329 415 279 45 398 92 142 216 418 266 53 37 202 40 137 19 179 244 421 38 297 97 384 461 55 175 484 339 277 256 126 468 245 271 93 362 270 159 460 317 366 195 454 338 424 367 273 59 409 171 348 114 153 328 452 150 319 111 345 131 165 334 195 174 93 139 147 103 251 476 324 492 342 38 302 458 47 392 328 23 475 383 42 61 460 73 146 151 411
413 372 283 419 487 423 265 91 396 263 408 486 198 38 237 140 1 200 448 4 318 307 400 212 329 335 378 376 291 459 437 42 294 413 95 481 131 216 202 367 329 127 148 226 227 244 491 445 300 104 452 357 471 197 38 173 254 0 442 484 89 181 340 207 453 346 73 453 360 333 379 363 384 270 74 274 389 450 401 9 335 456 285 493 58 197 494 458 245 28 380 208 6 299 394 105 476 257 63 147 191 448 140 267 282 410 83 159 144 287 228 341 212 307 276 150 417 158 467 456 47 153 419 271 150 182 297 170 352 85 99 410 265 338 198 461 339 335 437 183 94 368 81 442 456 51 500 482 274 194
402 467 134 430 320 109 271 249 16 231 366 441 26 330 434 224 100 343 154 107 213 209 44 296 267 80 463 445 386 101 372 298 20 229 151 420 446 180 118 423 195 259 170 235 22 122 276 64 342 59 256 70 401 217 179 276 49 460 0 341 361 434 368 239 366 301 10 337 2 150 490 388 99 116 304 497 484 38 266 482 357 129 352 489 118 148 252 99 77 216 412 369 150 430 43 47 459 217 426 484 246 53 59 140 380 139 231 390 103 172 498 340 223 381 228 169 162 18 200 105 485 90 444 438 82 498 20 256 493 100 393 393 488 307 264 8 399 210 346 406 7 282 240 238 372 2 39 115 257 44
132 381 62 236 121 140 237 451 487 34 240 448 380 336 412 255 63 393 407 357 244 12 52 379 500 217 174 319 238 12 276 338 370 165 388 38 490 171 458 184 436 380 485 173 416 181 429 295 120 184 75 337 358 116 406 305 168 133 237 0 345 87 2 487 292 428 335 209 111 246 391 495 132 484 180 3 310 326 28 198 309 162 28 477 273 279 174 251 133 342 47 328 241 212 168 220 417 397 101 457 414 182 45 485 216 245 410 8 207 453 498 449 436 279 387 389 386 221 89 454 50 105 269 233 35 407 269 344 195 347 59 84 129 449 352 165 20 324 324 188 244 437 396 407 48 414 204 321 292 161
12 3 391 150 173 130 375 128 372 144 395 275 462 318 40 162 187 407 286 330 233 433 95 144 269 491 28 215 364 314 78 436 329 333 443 72 239 264 176 119 308 73 85 389 72 456 8 335 381 16 69 313 410 369 367 100 438 491 239 442 0 168 426 445 489 303 382 6 250 389 82 176 309 241 466 500 493 76 290 47 299 344 300 229 69 278 220 192 30 231 140 359 206 107 175 291 178 227 301 412 94 34 108 64 370 328 420 323 395 265 335 134 105 474 176 328 168 230 419 344 85 340 176 459 281 151 35 132 211 390 206 105 123 407 314 422 349 149 421 261 147 95 437 346 93 31 151 412 179 264
220 258 429 288 190 124 310 198 286 296 360 206 467 162 43 446 350 313 78 219 79 39 114 231 321 103 198 449 363 109 412 278 437 222 189 96 465 244 216 56 244 382 358 16 302 430 18 403 457 225 128 353 37 421 21 149 200 295 273 446 95 0 288 484 309 211 116 492 281 45 393 83 378 90 417 382 450 485 430 185 416 410 73 103 392 170 176 407 408 352 339 140 489 397 62 239 282 215 40 451 465 281 23 192 396 475 181 198 201 465 324 378 330 181 314 272 398 277 248 422 407 150 245 324 51 223 336 398 452 474 322 423 379 77 87 68 383 348 143 7 305 281 498 211 272 329 450 103 374 118
399 402 479 144 393 482 458 98 294 494 69 130 32 77 177 184 469 328 268 150 244 34 367 461 157 414 62 407 331 75 214 436 85 99 328 224 333 437 17 329 144 445 350 436 101 382 340 128 416 497 23 294 121 68 412 391 356 2 65 332 27 34 0 422 189 234 244 15 499 361 336 370 485 312 1 407 224 171 242 222 251 201 369 374 96 48 486 214 170 76 60 235 431 115 318 85 332 61 22 265 448 287 440 131 151 127 37 446 315 280 194 342 114 322 43 147 156 135 278 239 391 14 314 174 410 89 101 384 425 449 375 273 374 401 44 181 165 311 163 425 30 22 273 73 437 164 493 208 187 19
116 435 206 225 415 14 309 304 49 34 325 404 312 262 281 174 220 307 90 272 394 375 230 473 237 405 427 359 187 4 174 72 290 190 329 91 129 52 70 28 317 172 127 226 347 106 86 33 32 178 486 433 500 181 344 354 373 119 339 204 268 260 253 0 144 158 389 82 139 386 330 414 34 185 272 395 327 424 8 197 391 214 473 123 45 193 357 147 185 427 377 94 368 119 398 476 377 442 222 199 43 48 261 347 149 139 417 88 234 89 432 446 389 8 292 365 323 445 273 176 380 179 383 74 305 116 146 435 382 77 364 205 22 162 35 28 66 500 290 142 164 40 215 41 62 21 440 262 107 316
261 291 117 126 417 18 123 387 231 180 113 248 403 367 6 417 325 215 99 40 72 393 17 362 321 445 347 150 119 391 87 473 440 388 13 213 11 327 76 436 66 404 471 422 352 268 55 416 92 201 73 47 173 119 114 31 293 92 308 331 375 482 459 128 0 198 432 374 216 154 218 80 113 48 329 146 185 500 188 491 295 430 482 127 348 355 218 148 253 203 64 463 126 481 360 52 164 138 467 30 162 280 63 50 43 397 173 294 422 171 322 250 68 164 169 284 39 445 3 252 90 72 201 500 352 458 310 81 367 351 259 76 184 104 194 323 268 229 452 389 483 371 25 384 263 388 404 472 84 121
150 29 317 97 471 120 302 483 130 251 237 206 242 113 482 273 50 126 397 404 84 270 171 380 282 310 464 370 133 482 258 112 384 490 160 152 370 386 218 108 124 430 57 412 283 447 390 312 95 471 9 311 19 22 497 142 235 111 281 382 463 389 440 40 262 0 315 329 237 466 473 266 302 409 226 228 192 294 91 60 44 354 385 238 419 343 398 226 398 127 317 474 337 497 351 349 413 326 414 200 297 288 113 421 437 11 255 244 276 228 382 450 210 475 265 285 49 400 478 185 326 241 229 231 342 445 1 237 181 276 337 224 141 247 197 324 261 191 102 15 174 496 447 459 379 491 456 106 473 20
64 241 236 264 492 27 485 149 308 417 374 86 77 85 161 431 377 440 167 400 60 429 210 369 300 493 378 162 377 75 33 201 106 239 352 213 167 304 492 489 79 158 260 27 180 225 24 381 124 394 65 50 66 327 143 59 154 187 385 242 477 389 212 21 200 311 0 473 418 295 354 211 412 268 77 446 436 351 105 131 465 152 338 486 222 491 384 295 328 496 96 428 253 405 481 34 311 272 389 163 376 102 328 356 329 414 412 448 105 156 286 188 261 134 378 190 80 359 415 327 109 23 194 30 161 114 49 487 135 248 399 167 311 9 261 163 329 225 435 278 186 346 411 257 492 481 228 84 318 365
70 68 91 37 391 254 273 57 303 249 157 350 200 29 19 118 184 414 412 272 219 275 499 172 463 244 314 354 357 140 36 495 463 284 179 318 464 489 234 256 73 269 466 200 388 447 202 65 161 213 497 342 362 85 446 475 255 448 255 260 332 111 143 238 132 138 207 0 209 466 178 278 216 450 200 72 38 421 397 389 499 418 382 15 179 249 459 201 15 13 95 33 414 14 92 152 119 108 64 158 385 390 69 186 282 105 105 59 308 4 111 367 6 178 341 80 443 138 114 226 345 222 229 139 298 331 441 96 149 125 135 208 223 244 485 435 165 283 36 454 235 229 382 315 329 275 359 198 418 242
405 297 145 145 448 254 90 97 166 480 277 222 10 8 188 279 139 58 151 296 176 465 151 39 259 204 212 38 42 244 80 301 92 362 151 297 111 449 130 94 76 91 325 60 37 27 338 91 115 236 352 395 70 312 7 11 86 58 417 421 298 441 463 478 210 35 203 193 0 271 398 174 84 361 269 424 447 442 296 346 416 478 41 190 7 39 165 469 272 220 362 283 404 401 73 4 436 83 489 63 78 360 33 273 457 211 250 409 336 382 348 491 155 71 15 95 427 265 146 225 244 385 235 23 283 20 21 276 102 437 241 339 428 433 34 332 76 226 67 138 88 426 245 299 181 238 29 445 24 257
127 217 364 422 383 63 38 19 137 152 162 80 358 313 157 147 192 222 308 402 495 424 122 470 379 490 185 74 410 410 225 103 332 119 20 220 153 337 71 119 143 74 349 398 334 326 184 158 54 112 356 468 346 317 49 467 371 58 222 417 382 151 422 290 225 122 423 122 82 0 290 90 282 440 133 224 217 187 124 393 375 352 76 483 172 267 292 249 313 144 168 71 174 144 409 242 284 309 257 399 162 18 294 276 57 136 450 410 155 353 246 421 234 117 330 179 112 3 117 276 385 323 63 105 405 441 51 432 477 280 175 135 500 280 218 442 375 417 203 73 81 312 149 241 416 123 182 345 104 81
461 420 375 230 154 308 111 472 335 447 114 255 400 198 435 3 435 196 433 262 460 419 441 463 490 367 355 406 417 408 31 168 214 486 112 18 328 15 426 312 17 149 446 400 114 355 4 258 74 30 353 408 343 233 238 490 25 333 70 107 126 291 385 257 328 131 115 455 303 50 0 124 87 314 486 455 379 368 311 313 487 11 153 90 99 256 60 123 287 79 249 41 293 160 414 103 16 115 266 263 182 266 91 114 436 30 241 256 60 53 380 435 491 356 394 157 399 498 150 265 296 386 253 224 22 120 455 380 83 475 380 354 69 418 485 293 137 182 37 48 256 357 87 190 216 218 385 163 363 478
411 166 462 137 362 245 115 353 30 363 68 472 312 432 186 240 471 281 159 71 415 192 240 290 305 312 435 286 174 137 15 201 407 367 373 40 119 38 232 216 309 27 184 20 493 390 21 386 132 251 100 318 420 222 363 478 146 72 1 129 323 192 238 245 273 275 435 489 420 496 499 0 445 451 159 245 313 171 445 442 212 235 286 351 495 122 188 339 133 392 292 150 289 279 83 156 369 269 367 363 360 187 18 1 437 456 458 395 90 462 321 466 441 483 32 295 390 203 113 482 137 175 11 214 50 387 302 90 439 279 81 163 329 175 22 157 218 291 348 28 146 499 270 11 386 216 144 213 123 382
390 259 457 73 85 74 475 311 161 357 187 124 395 3 320 329 39 498 16 494 110 344 142 478 190 465 155 169 433 389 438 243 417 120 30 500 44 169 82 105 366 83 443 384 498 432 471 45 146 279 170 47 406 321 418 204 480 260 100 96 459 408 213 27 278 4 365 44 328 123 495 413 0 150 140 401 482 226 377 222 50 414 274 365 114 472 441 386 393 363 309 476 86 408 356 44 142 85 132 91 263 137 125 31 83 106 443 216 372 28 315 217 89 189 210 390 485 442 427 500 348 154 247 404 4 403 52 55 499 337 470 476 500 235 54 150 231 300 141 115 104 197 152 402 257 146 187 56 173 467
213 323 122 88 185 236 120 349 25 78 94 468 377 121 284 165 89 124 63 118 443 61 359 245 65 304 189 338 486 96 119 312 40 308 440 194 475 158 300 113 120 234 478 164 487 289 372 466 81 72 300 474 294 305 217 301 479 448 152 21 81 383 492 238 486 365 375 94 325 301 12 326 191 0 41 480 68 200 325 217 440 363 316 50 208 259 492 442 184 24 239 180 455 123 428 318 297 494 118 339 81 364 200 229 94 285 385 268 440 445 356 42 235 466 494 95 260 426 466 142 31 157 43 171 426 365 110 301 31 2 323 340 368 362 369 273 172 117 283 343 401 149 40 469 10 158 242 135 370 253
53 141 11 32 322 161 412 369 440 182 196 119 57 375 342 122 360 36 165 177 161 336 141 372 274 259 425 182 158 396 117 65 16 147 367 326 215 350 214 382 373 29 219 273 342 338 441 304 335 413 5 253 5 241 499 260 290 334 167 193 292 49 228 356 391 354 282 4 39 15 253 444 495 142 0 119 41 455 389 43 13 401 41 500 50 438 413 285 88 444 244 183 110 477 93 337 467 417 279 228 369 65 176 304 480 238 290 256 353 375 136 221 148 65 404 340 350 479 115 393 340 13 477 28 175 105 320 93 22 376 428 191 292 289 385 172 372 348 407 276 117 434 469 470 222 131 179 334 9 262
178 45 245 173 219 107 352 493 177 410 399 118 191 128 312 467 219 171 491 153 115 377 62 164 496 407 37 87 99 203 201 63 494 20 18 269 484 251 251 71 18 315 493 390 174 375 360 10 425 31 148 319 146 70 152 261 229 55 379 462 433 285 246 2 78 188 174 385 214 108 11 204 349 54 366 0 134 435 194 52 175 209 424 14 138 343 129 430 253 102 376 334 325 376 327 139 7 434 484 321 478 24 388 29 251 42 124 35 302 320 443 13 169 174 63 232 399 168 315 430 329 298 174 383 430 446 206 183 381 439 422 217 283 447 302 199 335 306 191 371 234 427 434 29 130 66 454 443 339 429
467 304 105 26 103 412 411 212 413 321 476 50 119 261 397 226 257 114 475 112 306 142 69 74 275 359 346 166 64 276 304 281 75 291 243 449 446 447 61 214 395 118 422 96 333 390 433 40 470 124 486 86 51 491 271 187 314 150 77 333 108 213 462 439 144 38 207 169 222 305 137 190 188 354 11 146 0 84 289 136 434 330 278 464 61 460 470 141 193 396 418 283 195 477 178 250 368 324 153 40 297 233 101 59 134 187 58 360 459 334 170 67 361 93 261 302 467 11 109 448 481 482 448 213 395 63 409 293 473 404 193 300 334 197 262 461 79 354 194 132 425 48 300 311 110 376 450 428 363 385
212 499 398 198 14 126 259 414 224 161 212 9 37 186 91 109 175 337 39 395 423 158 445 430 352 153 238 147 482 232 81 113 210 125 364 436 161 239 318 83 170 458 463 326 77 44 74 2 273 21 475 49 460 122 37 443 205 436 288 162 289 391 65 50 59 264 333 84 42 44 100 171 450 304 149 293 359 0 202 234 400 294 116 441 420 230 121 243 197 420 310 119 339 51 153 296 249 15 488 262 332 334 157 89 254 51 57 127 217 119 86 461 175 463 442 194 278 171 307 436 240 160 397 232 129 149 398 360 451 356 325 144 437 301 460 273 287 129 75 326 36 236 337 275 469 169 302 129 132 55
398 80 232 140 236 379 458 43 219 77 182 133 166 13 73 463 246 443 189 120 5 383 83 94 428 195 218 57 357 66 32 3 395 384 206 89 92 459 7 85 89 261 181 319 83 392 312 369 170 345 402 299 192 415 284 117 285 332 405 215 48 220 411 201 145 492 319 400 191 371 246 145 127 206 323 42 117 491 0 280 11 75 354 450 212 309 335 231 391 450 328 494 493 476 382 467 65 16 71 322 93 19 124 119 262 179 138 480 174 292 155 70 282 119 372 115 57 203 443 302 157 207 118 178 370 285 386 134 97 257 63 434 194 78 199 48 78 130 121 262 195 448 299 270 385 391 427 89 69 480
181 427 409 274 455 374 19 464 129 214 492 129 44 339 319 272 436 365 16 308 463 350 454 338 275 274 179 104 474 410 45 261 82 185 206 276 110 440 129 130 315 321 106 461 279 167 240 17 240 74 391 342 236 13 178 420 36 477 86 484 185 274 332 236 224 88 297 436 382 158 422 144 250 74 351 287 461 308 376 0 56 133 259 267 159 320 130 231 66 444 363 261 148 484 108 330 155 366 75 55 291 393 47 293 384 429 286 22 202 387 57 222 155 446 435 336 460 35 430 318 245 323 51 129 62 195 274 203 58 16 5 205 27 382 485 408 313 193 402 101 15 87 149 367 67 493 28 229 239 52
339 179 477 102 334 290 344 483 133 473 82 209 235 194 473 87 223 198 102 323 467 337 296 447 366 295 445 314 195 100 128 339 292 498 323 497 445 374 170 193 481 463 331 217 241 459 184 255 69 309 450 62 333 379 297 459 300 73 492 21 359 335 312 386 263 449 208 292 208 343 90 217 318 243 83 327 108 426 338 165 0 405 202 465 207 498 302 211 226 337 380 2 277 222 326 51 10 115 309 451 202 172 219 209 109 116 294 287 170 76 223 2 188 287 434 50 116 70 428 417 374 422 298 64 46 84 71 306 3 122 385 469 298 133 12 54 9 303 321 193 28 27 303 410 456 36 214 204 28 433
217 227 359 174 189 484 443 50 280 433 403 224 134 156 17 168 50 405 322 311 235 127 280 353 361 87 111 469 365 159 389 125 164 396 142 312 425 85 114 375 477 351 435 376 21 342 67 142 194 193 299 21 493 49 392 317 232 410 438 34 281 28 455 59 327 426 157 358 402 243 326 148 421 426 456 453 54 336 359 320 258 0 262 488 123 34 179 300 63 141 40 475 29 69 347 207 304 489 76 221 162 455 197 146 281 133 4 417 425 156 265 287 477 288 177 362 38 92 353 212 6 344 89 38 469 331 448 30 144 101 181 208 225 337 265 383 327 78 142 225 485 108 373 45 44 351 64 239 344 319
220 419 437 136 293 340 469 444 228 478 47 396 245 235 258 145 478 190 43 120 375 313 390 216 186 349 222 235 52 84 265 48 64 450 317 56 347 285 270 351 103 318 88 240 150 237 479 208 212 13 386 362 446 426 170 15 311 280 352 34 148 304 408 249 105 151 285 73 156 455 217 126 259 299 381 65 79 99 249 161 49 321 0 99 284 19 74 454 484 221 55 412 453 347 81 142 420 425 186 253 82 172 334 444 404 53 288 299 380 200 71 494 131 309 375 64 456 447 435 454 302 98 289 464 185 90 357 210 345 432 248 326 61 310 284 154 369 241 268 275 342 181 407 327 470 160 415 194 61 480
444 225 246 93 434 130 11 260 467 360 391 375 345 410 412 462 418 314 268 320 191 386 341 171 100 329 143 449 265 113 68 96 151 217 470 274 278 495 248 349 122 299 86 346 241 412 27 457 232 145 271 471 236 275 69 426 4 371 380 17 465 136 135 263 483 53 60 431 222 345 459 244 202 453 149 478 394 45 24 389 6 212 78 0 116 466 463 343 365 116 368 87 331 201 474 426 275 173 83 175 383 178 183 195 230 85 152 143 419 157 481 115 392 209 153 426 372 416 9 427 476 60 359 398 265 294 66 173 115 150 329 283 1 90 22 3 80 435 279 39 265 453 428 361 499 405 362 238 397 248
326 456 226 375 496 314 204 96 172 251 352 143 202 67 444 101 73 130 332 401 1 191 26 132 182 93 63 453 57 451 333 78 212 343 316 128 236 490 91 163 481 397 485 207 104 320 321 261 128 253 215 99 322 399 382 225 263 139 432 278 443 98 85 264 249 96 180 368 105 373 218 1 149 340 492 339 458 498 184 141 376 123 201 314 0 489 22 390 245 256 22 361 161 169 32 5 386 381 415 15 379 181 470 361 220 449 496 395 124 42 421 242 301 394 155 157 312 351 288 149 100 239 80 79 82 290 287 55 3 183 418 50 318 444 51 152 155 183 153 485 385 223 325 469 20 346 193 128 76 79
51 288 392 457 449 356 419 261 259 500 117 187 271 459 257 51 307 243 205 33 313 93 376 59 71 482 219 309 333 134 76 260 135 167 389 138 396 239 102 367 107 118 429 349 323 224 322 212 184 143 267 52 153 499 32 265 102 399 121 355 54 67 428 199 167 158 289 366 424 385 416 165 57 174 290 333 420 476 365 63 418 463 80 169 86 0 472 456 15 201 494 156 150 301 360 100 440 182 117 325 22 205 293 247 180 266 206 479 427 68 382 282 155 243 237 155 126 447 444 154 56 342 232 278 153 312 435 460 170 85 48 251 186 332 209 115 352 199 270 351 110 477 322 5 480 303 172 385 315 436
172 448 446 402 43 141 86 142 296 117 436 465 379 25 386 152 460 82 480 21 30 376 474 38 216 190 70 224 169 487 348 245 256 206 270 39 254 177 263 283 471 349 23 254 208 276 224 21 101 399 142 378 219 470 489 53 141 228 292 319 185 155 167 230 459 263 103 48 353 70 242 206 341 443 379 431 332 356 29 390 374 251 243 272 306 198 0 443 147 117 101 483 373 178 303 294 466 353 22 228 19 363 136 235 368 129 55 283 209 353 302 82 55 243 302 130 33 404 77 82 287 6 5 242 331 146 16 279 346 351 217 130 138 289 195 154 136 325 486 480 157 193 173 405 53 482 450 269 194 454
7 334 221 500 244 218 17 453 380 141 123 204 59 174 291 383 424 73 316 282 438 189 478 270 495 428 260 428 383 241 79 251 2 369 170 126 387 48 352 132 164 329 27 386 457 46 221 47 426 164 453 18 171 413 460 366 366 25 378 402 346 100 379 2 1 267 279 190 388 235 183 304 97 460 393 461 447 396 100 457 77 499 461 142 475 410 155 0 13 101 122 303 270 273 327 458 76 256 494 72 308 335 367 408 194 209 91 129 272 279 478 43 5 243 417 43 165 164 53 43 229 112 430 321 16 190 208 326 91 15 422 218 57 329 212 90 420 96 234 211 71 7 164 335 372 438 438 174 31 20
384 247 57 226 467 483 373 326 204 247 450 5 29 124 19 54 223 277 219 240 67 33 252 249 424 450 325 119 353 275 210 463 405 235 139 420 295 319 444 221 339 146 486 394 154 174 129 188 171 169 499 178 491 235 441 40 290 208 33 353 431 260 189 199 475 201 433 69 246 421 159 52 461 27 235 264 475 186 151 283 425 365 256 100 331 346 122 37 0 297 59 83 230 203 429 331 322 407 20 230 142 321 450 223 254 196 309 12 457 174 144 117 409 380 78 57 7 432 479 15 216 418 120 234 68 447 93 7 3 449 103 367 103 352 485 3 13 48 343 325 472 179 187 293 369 437 104 417 151 194
414 297 121 198 232 2 353 380 239 135 283 70 4 267 369 286 401 487 168 397 163 381 259 297 384 339 19 431 218 242 164 458 315 337 244 34 193 228 20 251 136 353 405 7 363 241 492 19 305 269 144 440 318 313 268 409 282 117 330 392 417 495 396 351 309 162 176 138 350 285 350 106 208 156 498 82 494 361 332 70 409 99 181 408 417 342 365 65 205 0 240 441 185 427 312 93 465 74 284 121 401 410 208 286 235 293 301 203 332 241 345 478 154 107 288 71 440 312 399 198 429 79 165 326 216 144 362 370 115 46 281 225 3 314 383 96 246 403 121 12 370 468 212 254 314 174 463 406 200 192
395 463 242 490 135 174 463 471 206 80 415 186 170 480 338 229 154 267 172 60 3 296 222 295 380 263 429 199 57 96 50 205 338 150 305 88 81 110 372 221 241 397 37 325 442 360 471 254 263 170 438 413 323 429 236 246 362 98 146 255 57 149 458 159 341 352 358 197 182 397 222 258 256 66 409 267 405 227 54 223 451 101 266 449 440 168 372 438 259 316 0 122 472 122 433 359 447 138 299 342 488 164 353 124 430 304 105 379 270 192 16 27 79 286 437 144 51 430 59 183 191 112 482 472 435 124 487 40 270 351 420 205 28 16 166 487 186 212 187 113 79 200 76 256 308 240 476 126 450 296
50 19 127 448 469 486 500 39 157 207 389 343 310 287 141 109 478 42 399 468 308 234 37 137 144 368 340 447 276 141 211 214 449 194 189 115 104 66 62 268 335 28 109 395 433 1 320 137 294 483 34 418 323 218 81 250 409 409 357 281 446 232 418 277 219 150 348 282 61 324 63 192 183 114 318 247 446 72 78 302 201 95 308 312 256 449 85 342 180 303 346 0 364 283 208 383 131 206 266 79 260 76 102 262 128 144 365 362 53 206 281 379 474 350 486 278 365 135 447 401 386 50 51 87 173 244 471 352 21 401 124 438 278 414 401 26 185 451 328 440 380 241 44 334 404 73 140 334 493 278
229 310 283 205 350 439 299 78 71 103 370 240 495 440 370 340 374 10 359 179 89 321 419 313 489 45 342 120 115 38 126 384 6 198 365 312 189 192 500 188 217 462 166 203 453 102 300 222 271 494 444 295 38 371 370 206 289 211 130 154 482 359 457 260 373 422 374 207 119 413 208 278 491 265 185 451 57 366 462 327 326 341 496 46 400 448 184 438 335 463 271 101 0 413 106 229 312 187 454 235 98 450 111 218 368 368 177 200 480 477 142 271 25 462 391 128 460 174 189 63 447 365 340 246 363 440 30 325 147 373 169 64 139 129 440 306 348 58 201 276 130 127 499 394 147 468 464 481 160 90
88 196 34 250 199 6 417 94 299 50 324 92 379 5 196 52 96 21 105 60 223 93 75 287 69 488 235 91 310 65 69 69 471 386 463 153 246 286 185 131 163 32 140 6 362 141 392 414 364 78 27 82 408 179 303 420 168 421 98 76 405 229 83 463 282 424 445 279 349 59 93 27 36 191 139 58 116 198 243 165 402 197 374 339 481 87 265 118 25 435 371 466 5 0 466 236 196 115 239 21 117 234 127 437 169 98 400 28 447 191 248 354 290 242 2 253 407 291 381 178 458 350 227 170 33 243 330 408 283 477 366 232 312 73 206 58 422 440 248 497 446 40 92 470 194 310 169 68 304 385
155 137 291 301 158 318 406 323 256 87 300 59 272 190 247 386 195 329 179 285 94 85 24 139 115 156 35 404 160 13 404 44 244 232 156 162 67 379 480 333 205 279 248 28 122 371 342 64 365 405 471 240 126 499 197 88 193 480 7 35 34 350 449 407 345 266 21 246 280 129 484 31 394 396 364 238 14 248 445 485 210 435 339 139 337 3 391 153 385 397 36 410 195 486 0 321 188 197 64 353 139 81 226 435 340 94 237 469 185 330 477 325 333 91 325 45 380 387 128 470 298 302 218 399 22 33 450 386 446 143 255 56 231 217 79 495 258 121 249 299 476 477 385 404 70 209 260 50 329 24
4 216 338 372 89 340 208 439 451 249 338 406 128 469 276 47 325 441 350 241 498 329 491 241 469 214 56 18 176 292 446 452 76 89 233 280 277 356 266 164 195 22 288 455 184 500 186 121 54 421 285 2 455 319 482 346 199 312 434 488 65 44 416 480 133 153 102 279 246 165 237 434 257 92 272 293 333 144 313 22 171 233 122 272 254 390 225 463 45 152 23 274 367 134 269 0 130 222 392 411 458 359 342 192 474 222 480 63 203 239 333 232 246 473 297 87 461 116 343 187 126 22 33 467 302 450 477 405 65 102 474 312 128 48 11 421 319 40 165 499 433 78 185 95 318 187 139 457 415 226
308 475 347 269 302 101 76 77 454 148 359 296 246 345 320 426 432 78 130 161 468 385 320 426 400 337 350 413 460 180 65 22 446 87 30 156 345 489 110 81 191 284 412 206 335 412 411 221 451 304 486 96 401 271 401 31 451 18 299 252 24 75 129 60 344 314 367 214 497 201 425 153 6 77 472 396 391 251 266 478 165 115 421 3 326 65 400 58 50 151 48 55 331 458 375 181 0 463 274 268 184 275 375 340 258 22 142 12 59 26 88 350 130 399 189 158 397 279 30 132 59 139 44 403 495 176 267 482 418 78 81 344 223 226 490 284 12 225 171 375 241 375 214 299 243 262 146 88 131 352
159 354 271 386 237 90 359 414 480 84 249 356 484 12 428 495 414 180 331 496 358 46 165 160 381 437 274 342 150 276 113 193 181 166 308 385 255 463 479 103 321 178 166 208 204 453 87 442 443 85 65 115 446 26 446 321 492 204 93 30 459 168 474 138 221 137 43 305 495 5 55 471 285 322 273 452 220 240 388 165 496 122 83 429 484 114 142 139 337 318 137 392 292 242 133 336 48 0 345 44 356 63 339 13 329 302 270 207 298 227 63 96 129 10 370 94 341 63 309 114 196 100 398 390 413 289 47 321 398 247 467 110 53 420 89 183 210 217 451 136 494 422 250 388 103 188 228 280 272 339
154 73 44 223 474 429 1 303 61 360 69 336 233 82 133 88 363 354 57 209 64 209 340 136 395 222 490 234 185 389 286 180 184 186 31 231 441 42 416 174 319 23 445 146 11 92 79 91 373 374 298 469 73 70 334 39 95 132 223 168 224 482 90 91 277 119 142 20 265 415 59 126 446 157 373 189 412 282 24 423 80 2 266 324 188 189 279 144 200 239 56 271 101 141 124 127 196 151 0 63 111 238 466 113 52 410 133 404 106 88 364 341 230 211 223 388 289 288 22 400 26 95 230 356 202 369 146 192 425 50 402 125 16 275 184 269 308 228 175 448 75 13 134 206 253 193 234 77 200 277
5 484 169 235 425 411 201 254 100 309 382 135 13 452 417 15 221 247 97 417 234 158 71 54 485 11 475 300 284 346 170 124 291 305 236 382 281 226 109 440 144 63 359 276 81 375 217 491 65 377 471 466 151 94 466 387 66 366 484 267 342 19 389 117 322 159 71 64 361 185 363 71 486 382 342 423 16 117 66 107 352 348 305 344 114 48 9 448 59 179 46 139 160 21 314 375 395 386 453 0 466 111 254 323 290 260 62 262 336 69 302 144 123 314 207 493 364 197 444 227 96 333 250 466 461 8 1 128 344 185 442 171 24 220 31 104 464 126 20 171 253 465 464 399 41 130 83 183 344 370
233 88 324 371 394 88 361 225 314 436 188 129 351 254 174 483 477 219 163 92 219 385 346 43 443 80 333 403 108 488 382 133 169 185 166 45 444 38 120 22 355 476 412 412 301 386 461 375 319 44 249 106 278 467 274 315 119 185 320 290 293 274 367 414 310 57 320 172 102 129 95 345 405 234 169 26 59 213 431 152 33 88 92 266 423 370 298 426 171 347 135 169 479 103 323 226 450 399 493 415 0 28 327 23 73 130 215 404 307 471 264 102 367 65 161 10 51 487 447 165 102 259 36 30 196 5 447 344 327 236 422 73 187 373 101 354 248 472 253 421 156 31 495 258 31 276 12 275 35 161
170 146 489 74 128 182 318 59 471 232 97 211 393 193 246 467 286 98 164 433 332 66 391 471 444 320 414 358 162 80 370 429 416 417 280 490 480 329 186 215 95 198 478 206 446 362 349 201 352 342 172 311 373 370 340 78 330 94 314 294 48 65 39 162 100 119 483 273 195 55 360 431 467 79 351 122 393 423 36 433 263 306 164 352 166 388 34 221 47 82 311 17 481 326 152 283 193 433 208 452 201 0 359 283 336 256 296 443 143 98 218 346 54 64 274 426 267 140 359 426 33 39 457 300 424 75 276 405 408 265 481 330 240 422 300 358 109 282 315 390 4 82 334 377 407 408 265 393 387 15
6 479 259 194 386 402 200 444 430 164 165 60 195 14 183 414 53 150 90 435 363 136 329 414 154 401 230 205 391 152 184 101 195 214 128 224 457 249 151 479 323 48 131 466 457 198 30 35 351 281 104 66 273 427 254 247 194 156 4 365 149 116 290 44 254 493 287 357 127 59 473 181 423 133 121 394 383 125 347 221 232 387 190 7 16 166 72 267 261 148 469 434 30 157 326 473 284 454 397 416 138 348 0 169 162 413 484 202 124 70 66 367 235 88 351 103 165 344 133 206 208 125 7 425 161 439 200 322 38 174 147 281 364 404 59 32 226 411 276 330 366 291 206 104 492 428 234 349 422 94
394 452 353 475 393 299 386 154 43 354 273 38 8 289 134 445 316 179 397 126 111 118 422 332 14 316 284 148 94 286 464 268 326 159 31 475 117 68 489 221 374 75 87 22 249 62 105 248 87 388 92 93 154 344 13 289 349 123 414 416 133 146 16 473 143 90 316 326 33 85 432 314 324 368 134 17 496 400 94 231 137 32 363 499 403 418 330 367 40 453 375 499 67 230 396 164 424 78 446 277 125 277 397 0 29 10 104 155 244 404 469 296 238 499 70 69 468 117 494 420 264 105 359 98 261 162 352 196 91 344 426 77 367 171 10 424 109 483 54 274 104 204 12 428 193 241 488 440 383 337
438 378 310 81 493 27 205 443 218 354 88 87 265 276 176 417 379 208 28 419 374 394 299 124 101 70 35 87 225 395 83 497 297 300 470 309 66 108 212 17 137 86 327 287 313 18 65 346 48 291 389 461 79 201 178 349 160 162 283 244 99 353 192 429 37 278 224 489 451 207 79 389 1 56 58 87 171 369 295 306 309 193 34 360 348 101 459 163 491 304 353 325 441 65 426 461 303 83 366 389 359 176 156 193 0 277 388 206 316 179 209 445 462 476 322 357 327 8 398 187 238 129 440 455 324 500 471 386 445 56 120 85 226 6 83 152 274 420 264 363 268 41 138 34 313 81 438 475 464 188
385 437 191 162 99 288 358 190 24 331 496 264 403 405 186 438 3 239 444 278 198 441 188 192 450 468 385 195 378 394 199 272 306 204 229 284 389 233 372 229 205 43 339 235 240 352 245 420 372 320 165 165 404 385 128 243 319 292 265 369 84 71 367 77 303 64 229 133 129 352 80 271 114 460 146 85 216 417 422 193 374 413 145 10 323 90 390 347 289 156 400 283 90 392 487 452 100 369 96 18 131 493 367 245 329 0 33 128 221 130 485 175 454 276 293 325 15 455 14 181 172 367 373 269 274 273 307 496 245 203 284 472 66 499 120 428 120 133 321 323 189 447 211 303 452 403 4 443 427 135
10 174 442 400 73 23 271 213 83 227 230 165 268 58 127 269 93 382 2 415 475 306 136 130 459 336 48 406 149 494 163 316 7 54 178 120 44 207 97 116 1 66 21 164 28 12 286 128 375 110 272 485 452 485 63 53 445 230 237 207 13 479 111 327 264 346 484 386 293 96 84 484 137 352 276 101 184 151 79 154 18 470 131 290 191 160 464 135 330 439 442 351 381 190 217 51 486 179 298 139 263 86 76 206 59 414 0 204 176 477 121 291 78 119 351 200 369 198 323 261 436 495 383 38 188 388 339 90 409 189 419 48 457 303 393 489 169 48 244 286 64 274 346 174 120 347 396 362 197 169
132 468 13 322 493 308 247 36 27 124 481 9 333 121 492 22 289 109 456 60 380 373 244 351 279 425 128 177 320 244 473 366 398 159 67 403 11 170 264 223 266 64 304 231 296 186 352 318 274 152 174 52 336 284 59 32 45 67 470 226 48 160 469 349 292 316 181 420 177 433 478 188 62 318 62 380 12 237 298 8 372 310 282 184 451 13 128 425 296 184 174 251 380 180 380 369 318 345 497 162 433 435 397 89 204 305 227 0 251 452 409 153 107 7 412 206 269 253 440 179 126 158 294 179 91 93 373 396 314 104 424 18 378 52 243 190 78 336 435 54 104 188 35 86 152 329 104 220 392 371
354 394 166 487 399 160 469 51 259 442 271 360 202 148 433 43 50 174 470 149 353 471 411 202 383 53 366 159 126 334 498 358 93 313 310 265 312 230 328 492 22 135 137 146 481 291 76 288 333 220 114 439 453 306 493 416 203 136 440 69 148 337 225 327 448 51 289 483 175 217 270 56 334 434 486 266 321 188 409 128 76 483 482 22 7 283 127 204 455 303 161 487 315 436 143 446 294 160 330 114 268 406 27 472 301 328 154 476 0 118 444 359 109 280 447 214 497 171 79 128 269 359 345 278 497 397 215 425 319 233 235 288 101 451 184 206 4 327 379 196 124 76 179 216 308 108 207 118 494 275
26 286 155 239 262 446 412 395 404 380 168 401 473 428 38 150 239 2 388 369 270 214 138 278 471 3 209 178 291 123 18 241 380 379 167 217 408 276 136 40 84 323 165 57 365 491 409 29 135 116 458 139 426 427 138 61 453 171 481 23 29 446 238 147 47 212 415 156 93 399 292 436 98 141 441 210 56 258 159 449 40 20 125 142 151 355 60 185 437 403 327 157 63 144 215 334 408 477 366 327 93 43 52 351 257 371 461 356 436 0 233 171 288 249 432 58 6 33 90 23 423 487 294 443 51 299 199 257 433 295 62 166 379 454 317 241 250 174 161 380 365 309 210 422 393 58 189 70 21 429
57 12 299 142 6 315 138 57 197 376 471 311 120 475 386 463 11 271 157 407 465 468 74 393 89 69 197 196 175 34 164 47 263 9 373 104 461 231 260 406 114 499 465 417 303 221 49 360 276 135 24 437 386 238 299 288 390 7 364 450 300 32 27 400 27 240 452 7 267 390 439 474 203 275 71 277 20 250 114 290 295 289 78 481 33 190 451 33 375 81 33 174 424 115 282 121 90 416 186 158 360 402 271 265 411 423 378 217 17 76 0 355 238 214 246 2 134 485 400 23 72 263 162 372 230 373 215 100 214 497 158 454 469 120 186 30 353 358 169 377 229 117 73 78 479 141 271 247 208 344
315 396 496 385 301 392 77 217 236 343 450 119 78 452 394 139 156 79 435 35 114 178 417 182 243 184 126 404 354 201 187 281 178 335 158 394 305 165 284 59 203 383 385 179 271 25 367 344 427 115 458 335 127 278 198 473 219 425 180 92 123 500 465 489 187 134 460 386 325 11 332 375 20 191 196 105 403 220 76 118 432 429 106 236 345 340 175 224 309 156 461 10 132 146 131 283 327 261 152 221 132 100 444 127 61 193 452 298 376 306 216 0 45 10 240 493 492 75 99 87 478 220 457 10 373 215 289 181 310 278 186 235 303 124 464 227 444 409 226 253 443 103 61 479 212 346 321 205 28 208
56 447 117 496 340 387 219 321 405 114 370 85 90 375 403 23 48 336 157 349 186 293 427 473 104 126 437 103 302 8 286 292 226 431 366 37 118 452 434 493 320 345 84 390 232 419 461 178 14 273 215 19 375 404 475 453 206 235 56 57 165 291 197 150 218 444 10 60 355 26 12 57 346 123 122 71 102 72 433 349 268 156 389 223 420 188 466 145 74 217 276 466 379 345 72 11 30 154 373 409 291 442 316 205 149 123 32 495 20 83 20 132 0 54 459 155 329 401 250 254 269 138 258 304 78 278 295 79 94 499 210 457 355 248 8 340 192 229 165 434 188 212 77 291 148 307 429 297 82 14
81 194 196 76 467 181 84 480 367 424 429 246 380 363 65 337 155 363 287 353 460 97 495 180 395 433 113 402 363 61 15 228 117 13 195 485 389 414 265 105 143 333 271 16 458 447 369 25 105 161 339 3 487 290 98 370 238 181 398 169 284 114 303 500 163 143 238 209 192 56 172 458 285 499 122 494 287 37 109 403 289 473 187 166 239 247 71 182 393 139 472 260 406 247 420 315 330 57 277 119 191 370 69 32 286 341 197 48 111 237 411 274 121 0 347 213 128 229 374 194 379 492 7 454 375 319 245 363 72 69 167 491 303 50 489 268 486 425 449 416 48 196 280 213 414 162 472 32 126 12
219 311 405 121 212 197 387 57 61 72 386 447 397 171 310 222 460 105 468 86 307 286 479 353 296 428 346 461 174 458 485 136 268 370 326 318 162 468 419 51 68 179 251 281 91 290 440 347 71 213 167 31 183 406 45 216 299 105 91 329 492 410 229 427 203 314 466 20 459 344 132 266 315 418 228 346 244 415 323 56 230 112 87 111 270 459 343 319 259 408 266 259 392 460 369 56 208 141 161 342 416 21 226 240 292 478 12 333 270 414 65 250 96 377 0 205 422 171 212 491 357 342 359 282 116 82 253 309 206 330 89 362 79 217 278 333 312 476 228 307 312 139 34 23 8 361 275 248 406 416
63 228 12 1 22 251 435 417 409 23 221 150 165 30 20 100 325 323 301 341 219 274 499 393 396 415 115 309 63 237 407 120 169 129 414 277 101 422 436 355 437 383 499 360 15 464 174 293 330 271 263 328 64 473 104 50 374 372 229 452 14 249 230 369 123 207 462 343 6 483 103 413 116 410 367 328 114 287 411 245 256 368 202 342 424 336 220 364 180 363 467 492 345 425 414 177 487 83 398 218 111 295 305 129 387 357 228 262 421 187 284 489 78 113 160 0 235 483 429 41 399 162 26 217 384 306 289 281 464 383 143 463 279 22 214 87 282 388 170 333 416 147 204 284 454 166 255 126 355 16
119 126 400 235 355 70 281 117 308 67 156 67 212 33 440 388 297 227 391 168 176 158 219 31 334 42 402 269 261 349 208 251 39 118 102 54 290 220 412 32 37 452 266 57 252 280 239 202 192 385 355 171 242 291 251 232 395 434 446 152 325 462 133 418 339 230 244 310 376 204 75 223 29 71 254 366 398 55 124 481 121 203 464 66 345 237 444 286 349 224 309 288 286 437 42 255 353 439 283 143 73 294 147 452 24 333 350 177 113 382 487 452 396 18 437 267 0 288 280 13 494 449 250 351 54 383 44 495 347 392 328 211 2 478 32 200 369 226 31 485 18 148 14 362 378 21 191 466 201 132
78 292 394 410 79 296 396 12 379 331 145 447 394 483 387 255 340 337 190 489 377 258 84 249 194 149 294 182 39 280 359 317 282 283 69 169 83 387 296 71 356 369 276 429 149 376 317 307 156 224 386 134 324 372 119 31 104 419 314 119 349 149 23 321 387 283 360 466 292 54 289 194 212 449 431 234 448 145 149 431 405 149 163 392 268 183 444 160 212 462 363 413 96 295 333 285 210 156 452 264 85 472 281 5 402 441 367 333 327 13 380 444 491 303 310 495 206 0 166 406 123 101 415 429 299 467 259 120 254 266 72 395 473 132 162 203 133 324 449 447 290 298 76 204 5 71 232 262 159 71
259 42 7 361 400 496 323 170 364 447 487 94 149 350 119 133 109 361 139 383 31 441 125 323 462 345 237 357 309 255 264 158 284 359 135 230 39 51 80 397 37 184 264 440 92 359 384 498 483 428 52 204 54 16 427 230 491 367 229 74 63 41 98 15 210 341 294 441 185 202 330 49 186 394 396 17 50 345 189 157 22 90 412 8 65 305 241 342 322 358 304 212 126 283 201 307 121 205 189 317 125 340 44 351 99 110 180 482 130 396 177 167 275 149 464 132 26 146 0 73 157 410 380 350 341 307 307 369 232 378 199 446 327 79 484 99 498 216 327 93 29 379 416 392 53 156 484 162 390 2
394 71 19 146 478 29 156 186 120 182 347 87 190 209 479 436 334 189 491 175 305 119 57 240 338 105 447 476 293 192 426 180 281 182 338 239 179 69 380 303 394 189 31 82 157 431 486 202 229 157 259 188 456 360 145 322 202 421 60 172 135 410 109 41 173 19 313 311 410 132 345 133 402 137 113 500 454 419 141 456 114 325 207 122 294 402 372 5 222 445 52 196 408 54 117 474 58 124 462 68 239 475 173 49 249 356 342 10 104 453 431 374 268 430 370 224 218 174 184 0 452 153 110 287 414 140 264 171 477 297 318 321 222 258 44 308 57 200 368 199 12 154 491 499 47 410 73 417 134 83
303 107 54 7 345 413 136 341 148 184 120 9 28 298 499 399 177 222 310 110 233 374 135 353 25 477 196 353 276 88 30 436 158 312 340 497 172 365 480 468 37 495 231 94 461 362 315 183 362 355 57 209 352 407 204 66 53 7 498 283 13 415 423 322 320 287 158 128 60 390 124 23 185 48 476 201 101 251 144 451 82 251 174 463 3 212 143 44 180 37 279 275 121 485 329 117 434 184 100 106 180 102 249 108 343 284 366 125 35 267 176 340 105 464 110 63 414 383 239 40 0 336 399 187 475 55 188 474 322 470 208 492 402 378 498 167 281 302 480 453 329 209 357 341 292 402 212 181 139 8
358 139 311 404 64 178 105 374 130 67 151 19 133 227 307 53 18 480 386 183 447 147 27 369 33 346 207 498 397 465 458 220 344 379 251 357 391 304 230 51 300 498 92 414 371 427 335 226 314 161 228 345 498 130 128 314 287 88 224 260 253 228 181 211 141 208 470 113 333 341 47 294 162 358 444 184 377 143 474 48 313 110 23 468 425 64 274 331 248 391 106 441 2 338 427 85 3 452 8 49 231 397 473 367 68 451 106 147 247 164 71 475 423 218 261 100 463 137 454 125 76 0 354 488 339 100 354 477 390 126 429 71 40 33 127 66 456 86 125 463 438 263 302 429 154 198 186 111 119 235
43 34 62 397 248 201 475 355 436 70 400 52 416 260 4 23 334 192 281 250 103 41 485 124 369 169 147 171 500 173 499 13 480 157 281 117 328 217 326 144 104 283 395 19 233 289 330 495 446 162 261 458 404 151 119 288 149 387 366 22 67 463 300 476 110 351 133 167 334 78 92 458 254 140 261 346 244 239 183 148 347 322 18 198 268 44 356 155 496 303 104 326 153 303 383 163 265 444 63 125 39 497 455 283 342 264 21 320 424 196 91 39 72 168 69 130 354 129 291 266 250 148 0 61 291 207 183 89 62 326 379 359 394 287 424 247 265 177 275 79 337 96 493 442 156 174 175 364 469 73
456 12 415 81 407 353 26 124 188 97 230 196 52 243 159 424 52 396 12 322 417 369 84 98 415 424 387 77 79 285 464 334 313 470 416 170 348 141 84 359 300 455 114 411 240 125 490 257 338 384 433 98 499 11 21 448 90 482 485 62 87 390 87 285 240 168 462 261 198 366 311 277 480 478 90 459 402 439 483 145 265 80 211 431 273 421 244 122 465 366 498 455 39 357 238 442 68 224 380 433 380 263 96 76 264 235 137 338 422 356 145 117 490 174 284 192 424 325 115 39 468 238 387 0 259 154 219 265 438 299 13 433 103 132 325 193 16 61 257 70 247 179 241 481 91 30 72 241 336 158
491 236 290 246 372 353 282 276 130 444 68 416 392 327 8 258 34 281 395 432 434 161 213 283 154 296 320 174 169 421 474 455 70 232 215 274 212 40 399 264 154 60 229 101 436 87 435 307 215 84 243 464 250 115 217 284 402 178 434 293 65 84 3 169 409 92 367 128 189 132 492 318 216 400 460 272 312 385 111 424 443 340 7 456 408 93 445 76 14 240 296 191 425 13 166 469 74 248 82 189 348 127 19 75 217 31 171 201 290 354 170 194 430 195 416 53 449 433 444 157 377 87 228 434 0 224 96 40 375 170 231 59 96 304 74 235 291 230 222 390 237 328 153 115 134 392 71 366 243 432
49 26 349 335 306 75 130 220 182 361 279 188 487 120 312 359 179 318 270 495 147 249 63 359 410 220 410 184 243 246 158 313 388 415 337 499 306 354 393 476 150 185 404 355 498 23 456 125 150 315 56 321 162 363 264 73 166 41 288 25 68 340 279 298 327 451 153 58 178 11 39 283 49 392 256 423 475 313 466 80 393 450 221 245 388 402 45 251 227 258 476 205 470 413 102 356 92 419 5 34 466 30 474 478 494 72 459 280 471 467 333 16 28 443 206 411 224 314 158 141 122 121 254 326 347 0 4 219 139 282 181 360 134 209 281 419 442 475 448 169 181 323 412 229 301 234 330 117 467 14
113 143 414 342 446 414 245 287 46 478 131 174 325 9 390 173 409 407 177 339 308 361 48 461 197 90 135 409 163 31 233 283 135 84 125 185 316 150 268 445 57 287 281 9 126 284 368 46 275 318 413 214 494 204 277 381 24 5 189 111 391 174 397 396 198 61 80 456 77 181 380 440 210 351 252 401 191 173 432 162 92 307 420 477 413 354 457 428 380 48 289 378 9 323 389 400 240 290 3 236 187 440 131 432 277 430 391 67 427 58 455 39 302 22 400 274 379 92 243 121 5 186 208 135 458 407 0 327 224 451 141 8 361 227 462 116 153 492 71 121 214 14 357 25 49 92 372 206 487 273
54 383 238 294 137 368 188 495 242 344 11 165 88 135 336 323 301 216 304 94 62 471 33 388 50 192 35 427 351 191 303 404 73 320 464 144 84 380 496 137 177 461 48 45 62 129 326 332 2 229 56 150 333 403 229 39 339 485 109 196 219 449 241 407 53 459 445 213 286 364 224 452 377 302 90 167 7 76 300 251 387 312 77 352 397 218 500 311 124 272 286 301 53 419 93 23 492 281 157 362 343 130 25 274 88 383 288 181 19 171 64 285 369 386 355 476 247 211 327 313 177 43 168 417 178 430 307 0 176 172 92 26 105 185 299 488 91 254 51 465 434 284 376 423 242 388 443 110 81 349
184 493 72 192 81 95 334 497 135 191 181 71 403 170 376 393 28 94 217 137 394 473 439 419 265 358 333 263 334 59 311 14 372 485 269 43 94 401 298 171 93 230 128 216 436 429 40 33 36 437 181 242 68 110 384 56 384 108 490 208 333 64 291 355 157 469 37 325 138 330 114 317 364 189 290 155 463 341 344 129 196 97 83 250 339 334 234 181 293 23 31 496 10 482 144 108 143 415 265 159 452 133 407 122 75 102 123 359 360 92 96 16 435 435 64 135 478 318 454 113 138 477 60 64 498 95 65 144 0 133 46 379 176 456 37 440 120 87 203 484 44 275 228 438 226 93 265 466 348 261
121 160 351 465 165 98 193 85 68 398 257 467 315 368 173 49 492 405 314 484 490 205 497 393 250 56 406 247 287 149 109 405 345 481 90 151 255 187 337 451 412 35 336 382 347 384 306 297 320 389 59 441 492 214 421 194 248 47 177 464 88 461 211 334 212 400 455 225 239 151 201 202 53 223 28 81 483 119 60 430 178 213 500 317 140 288 281 203 239 236 104 148 71 105 136 388 107 241 129 496 369 237 464 413 165 338 118 329 107 479 359 27 349 82 162 274 73 292 191 160 330 245 253 495 104 253 348 155 299 0 227 498 393 117 87 34 420 429 174 408 425 46 254 149 213 274 326 425 34 178
414 153 196 320 230 303 11 200 103 361 307 450 382 379 83 29 467 338 443 2 260 87 357 6 333 333 276 127 273 225 285 497 101 272 42 477 254 10 28 263 288 355 108 270 50 318 7 356 414 366 385 343 400 393 237 272 343 469 380 56 319 455 438 137 43 88 49 307 424 401 77 242 356 38 72 395 282 75 4 398 104 339 139 302 60 426 448 357 261 391 255 126 306 136 373 385 457 195 285 414 180 158 166 119 466 81 105 402 410 346 168 471 420 412 346 206 137 164 338 128 258 3 361 493 131 472 101 310 36 328 0 171 271 325 212 78 304 224 495 475 1 414 412 251 44 20 222 65 37 118
401 431 445 415 3 195 330 397 431 130 161 418 287 42 378 195 25 463 416 258 320 46 330 444 1 134 267 18 320 430 83 380 226 54 272 462 143 413 247 389 481 459 401 11 466 492 226 144 256 228 157 427 129 90 430 56 376 349 386 307 239 263 237 206 68 320 306 81 87 84 259 382 206 229 222 76 281 271 331 376 268 457 492 313 466 56 392 336 402 285 219 214 50 361 167 194 144 137 297 68 237 388 250 314 44 206 95 97 418 104 371 441 388 477 165 444 269 452 260 402 91 69 358 389 380 408 301 58 215 137 155 0 7 225 149 181 18 495 364 469 177 121 26 462 124 417 56 124 344 297
443 87 113 465 199 453 404 40 417 311 178 411 389 419 126 350 75 431 274 416 275 71 363 235 500 254 268 319 214 385 42 294 171 234 461 489 295 138 219 23 301 464 6 196 461 495 90 463 174 332 150 6 226 390 259 246 131 434 85 389 36 178 261 76 85 92 134 361 305 205 13 340 311 154 489 186 58 377 320 411 213 408 484 258 140 201 431 134 412 24 106 411 261 196 371 141 438 444 127 325 345 250 342 435 438 478 365 149 326 58 234 86 39 486 18 464 399 14 250 359 9 3 211 446 429 126 119 9 148 366 130 366 0 141 377 154 22 465 110 238 390 14 186 431 396 383 34 48 481 222
428 34 252 250 354 287 418 465 473 423 184 157 338 102 177 138 196 206 263 57 127 436 395 337 267 379 321 126 275 405 23 384 353 414 34 13 306 499 369 280 15 418 20 312 373 447 420 443 46 348 441 177 288 250 331 282 172 335 193 367 135 436 320 483 297 417 185 341 144 40 277 182 402 354 457 181 443 435 151 88 394 486 56 431 18 152 298 335 185 140 74 59 35 218 8 266 29 47 252 492 328 389 481 378 96 232 225 89 493 2 211 11 441 60 255 467 491 88 246 211 350 161 25 268 452 284 466 240 167 483 34 98 236 0 172 291 153 324 83 409 224 62 142 451 211 150 262 289 407 190
265 114 276 407 118 159 346 257 196 50 367 450 386 224 148 15 480 151 428 297 449 428 1 130 1 160 243 191 9 316 60 126 354 25 489 227 499 425 471 452 8 492 341 452 495 202 424 111 31 220 321 127 61 82 450 85 468 72 441 122 421 334 259 445 397 187 56 443 105 165 375 491 426 399 283 282 301 165 58 203 61 42 253 469 239 388 6 375 448 445 296 235 337 60 293 343 133 23 42 262 294 42 27 454 213 278 149 129 131 456 363 136 324 201 342 467 2 119 405 233 98 296 105 420 394 475 209 408 342 30 213 267 368 454 0 491 125 301 461 239 52 183 129 130 378 453 264 395 443 120
378 307 51 338 451 322 246 496 341 372 299 36 155 131 114 161 142 372 203 459 81 32 4 471 314 339 112 18 355 293 404 440 201 410 172 274 329 496 322 171 445 294 13 1 147 377 130 299 466 307 439 391 299 500 487 490 35 372 300 186 241 434 455 466 125 475 276 165 176 401 95 45 499 376 182 381 404 312 379 173 464 426 267 484 351 432 175 420 239 331 342 344 493 31 23 87 165 339 211 373 49 285 7 400 79 432 315 480 68 482 140 471 61 240 323 185 294 151 47 186 466 455 308 208 149 430 42 349 274 81 305 234 9 139 280 0 486 362 260 316 447 408 132 30 107 398 173 222 173 136
468 174 372 148 435 81 234 37 162 370 363 124 1 225 394 144 304 18 376 214 265 445 347 403 284 411 379 243 446 152 283 139 394 486 122 210 384 80 285 361 342 12 351 255 173 350 193 127 478 269 419 465 386 127 59 293 462 287 83 456 212 85 137 22 252 119 354 219 453 382 67 387 250 292 191 173 69 250 138 389 201 342 443 38 22 107 462 16 237 179 497 417 386 271 102 322 464 12 345 254 358 294 189 180 238 295 403 150 33 65 296 13 292 488 441 86 164 154 438 183 308 177 493 433 371 50 158 207 366 245 95 125 98 117 161 338 0 168 272 21 335 234 332 7 244 253 178 220 401 476
458 15 205 56 258 480 127 290 71 109 494 123 185 39 364 433 277 322 196 11 239 77 440 277 143 401 139 306 128 179 71 80 396 87 148 396 478 496 436 493 284 172 354 391 395 319 122 182 283 24 232 241 367 234 80 299 284 134 321 85 445 213 317 118 263 376 265 169 259 272 61 222 265 462 37 401 340 104 166 219 290 233 381 145 207 95 430 36 15 354 307 341 423 435 308 228 294 272 351 192 305 53 54 445 249 440 461 242 118 398 184 86 431 326 160 375 1 166 362 439 103 383 255 399 280 267 172 186 241 244 116 339 479 440 48 46 114 0 251 336 312 419 162 156 30 18 48 302 15 340
55 335 229 145 299 477 268 498 428 166 57 419 339 459 447 269 325 83 344 454 419 292 31 325 19 192 76 45 280 429 241 326 54 138 157 163 418 434 496 31 300 165 327 320 155 396 269 181 371 213 62 239 452 69 207 129 40 464 50 94 53 425 156 212 387 144 114 155 209 83 204 57 323 6 371 145 34 475 273 22 240 295 209 10 341 450 125 336 68 321 363 8 6 148 243 338 292 22 5 400 110 280 354 367 421 353 469 92 246 167 342 148 338 332 316 139 322 30 198 126 221 20 378 100 411 332 266 306 450 175 449 379 252 146 41 155 485 333 0 316 82 398 313 416 375 393 388 428 22 167
321 135 89 473 438 19 416 408 195 296 466 391 21 14 327 308 251 475 289 409 54 336 438 355 455 378 280 362 10 403 296 343 34 188 243 167 463 481 77 179 467 8 366 110 6 99 9 276 87 177 302 384 5 36 283 58 399 304 364 41 417 252 384 136 421 372 182 413 162 273 38 30 118 192 88 4 195 484 419 414 492 276 273 408 356 10 391 105 53 81 262 168 474 276 445 219 458 177 234 166 318 130 79 112 267 312 180 283 474 430 308 92 400 406 365 62 382 149 496 257 467 400 441 127 71 390 288 141 163 72 251 57 64 101 110 478 264 160 405 0 71 311 442 274 112 16 451 42 414 154
278 124 454 27 292 376 458 325 111 319 230 21 126 220 492 35 103 225 167 343 132 476 404 430 361 24 126 190 299 364 478 480 162 251 265 479 104 32 469 279 493 188 349 481 127 5 231 356 461 372 132 20 495 157 16 55 347 306 82 499 500 465 68 54 493 444 42 332 393 118 286 232 474 411 396 67 100 66 289 433 411 5 482 164 304 453 472 72 28 154 261 415 425 278 80 281 419 415 274 217 419 399 456 429 365 479 137 49 2 461 116 51 226 76 405 144 185 224 166 435 103 152 225 30 86 359 124 400 189 341 469 169 187 60 141 326 56 337 493 74 0 185 193 314 459 481 8 100 224 379
44 378 231 58 244 208 3 52 235 297 326 486 186 388 18 101 48 477 339 427 177 270 144 284 141 364 484 438 40 201 468 341 341 192 269 280 87 8 388 107 232 468 428 178 492 188 281 449 110 203 400 291 120 399 105 58 439 249 472 148 179 190 474 340 330 475 321 93 179 110 314 470 79 391 248 23 155 415 52 325 118 373 133 337 56 126 254 177 167 309 331 367 369 93 495 445 251 285 71 257 296 98 462 453 432 426 447 25 145 169 207 285 136 435 228 294 283 14 330 147 307 54 25 130 119 193 122 498 495 411 472 130 409 272 116 326 151 169 486 472 431 0 287 332 355 325 348 188 334 486
162 439 95 24 458 24 190 459 202 381 163 63 496 208 138 73 172 63 252 159 223 30 109 117 5 119 48 475 283 3 234 411 11 113 327 328 418 323 483 472 466 52 321 18 479 341 434 142 8 484 416 205 4 432 436 285 332 188 378 77 221 286 141 453 198 397 194 339 73 221 278 367 376 396 17 48 407 421 339 164 163 466 462 105 11 468 82 86 381 447 138 311 140 223 121 13 290 321 202 384 335 74 204 478 145 7 319 65 197 93 455 423 33 24 292 45 225 253 89 362 133 409 95 149 159 209 176 258 161 177 48 405 336 108 246 490 334 159 270 441 288 93 0 202 195 432 49 175 343 163
55 41 108 493 378 492 362 130 98 384 57 44 125 469 110 261 177 481 293 152 290 269 355 225 431 223 50 360 370 148 263 421 311 145 487 102 424 205 127 64 207 81 222 168 234 211 45 374 165 315 368 140 234 145 34 392 309 347 409 428 309 271 206 59 412 402 265 461 375 483 376 246 321 359 284 436 315 436 206 402 185 410 380 198 472 26 178 15 164 450 270 183 276 201 28 78 210 186 218 65 22 433 150 439 62 25 71 339 287 224 247 14 245 132 56 450 458 410 14 171 477 370 466 482 11 2 455 39 420 320 360 472 158 371 90 238 241 251 447 451 459 192 195 0 239 413 372 490 27 249
27 99 244 275 372 135 120 210 242 42 221 16 240 426 383 35 150 489 359 447 333 9 470 456 480 481 90 96 72 399 445 327 236 122 266 450 242 438 305 176 336 424 305 420 490 247 124 487 35 126 202 64 408 327 212 97 276 92 203 7 193 9 76 387 430 209 295 370 225 407 253 118 380 265 417 150 131 326 259 162 378 293 336 2 462 498 159 62 65 230 428 494 480 30 456 466 199 488 383 126 192 301 118 143 114 190 324 118 248 460 388 449 498 455 375 329 476 160 72 176 495 222 485 342 67 499 283 194 323 212 293 79 247 344 55 216 296 105 489 80 170 371 107 110 0 57 164 161 52 201
126 231 446 78 442 411 184 161 245 67 223 238 99 328 196 489 225 434 99 60 411 118 316 371 114 375 405 159 230 335 302 274 146 41 391 350 238 166 418 254 416 497 492 62 387 402 246 274 144 491 363 153 180 154 213 319 303 366 185 360 375 441 14 332 171 104 129 144 398 120 265 488 326 285 375 23 313 145 53 212 312 127 453 47 255 411 489 255 188 145 410 148 405 150 246 483 411 419 82 283 491 275 373 300 355 291 223 199 492 40 77 242 428 233 419 484 142 476 4 157 252 83 251 394 425 203 89 425 74 176 35 314 334 216 111 109 296 367 131 375 16 458 238 373 28 0 268 301 36 435
91 218 499 183 276 452 97 138 348 283 459 30 240 217 222 303 467 9 24 215 454 27 246 329 287 412 402 216 52 135 44 30 4 263 407 388 394 374 413 329 155 14 451 188 234 13 11 112 191 349 373 294 36 386 304 397 289 119 326 172 191 399 439 99 15 283 428 263 489 160 327 388 225 100 430 182 300 289 242 25 87 191 259 493 355 388 73 432 473 477 76 457 307 210 463 231 22 249 73 278 434 445 408 354 32 415 160 227 407 309 449 226 294 44 37 127 194 500 63 244 309 71 311 468 305 455 27 6 400 209 18 203 70 165 97 28 236 127 230 349 227 344 224 494 173 239 0 496 135 112
246 362 73 119 476 308 327 179 318 460 289 67 393 225 343 114 483 313 151 75 331 415 94 314 99 172 180 125 207 403 314 36 197 127 291 240 152 306 67 355 235 226 454 454 14 438 230 211 367 431 363 45 97 415 232 433 295 257 373 283 101 183 402 292 179 81 498 444 325 411 247 19 179 479 6 425 316 310 221 149 316 358 424 421 341 287 271 88 81 76 73 326 233 115 52 399 486 307 394 494 290 313 33 430 489 355 23 317 464 255 358 4 35 500 468 344 451 497 102 199 340 161 166 354 104 291 248 36 413 392 192 10 90 169 332 24 171 184 397 88 454 366 473 170 273 437 254 0 189 214
462 231 456 444 301 10 185 378 393 156 471 269 391 209 96 186 482 332 288 471 316 276 7 249 303 194 21 497 77 134 409 91 342 142 50 391 371 105 431 478 106 20 332 406 95 396 466 399 367 1 297 488 254 96 90 321 71 162 320 391 455 395 377 289 4 465 461 359 367 263 204 458 104 200 407 115 294 134 56 226 374 313 7 350 201 343 158 51 313 49 397 400 103 2 266 64 113 193 228 310 253 115 51 372 264 257 437 79 195 434 497 62 239 126 401 468 392 27 299 207 482 138 430 1 72 178 478 403 491 125 389 426 20 495 437 426 157 132 233 155 490 439 231 348 223 23 198 62 0 406
29 112 254 12 151 340 248 50 133 445 54 445 238 283 465 282 175 307 332 499 414 241 31 286 387 277 403 474 133 129 391 31 272 20 141 242 3 108 218 336 278 351 269 393 10 351 386 408 412 119 223 427 4 343 253 282 273 172 172 149 492 31 416 406 81 451 61 164 234 433 261 487 429 124 103 434 476 83 30 239 440 9 489 59 296 122 73 241 93 250 222 380 155 360 57 409 389 320 216 198 42 417 135 305 332 25 482 188 239 209 436 24 379 44 370 443 164 24 419 392 249 242 88 196 450 332 71 373 498 44 245 107 469 474 437 461 300 204 89 52 97 60 333 54 138 334 175 186 152 0
3