0.508 0.27 0.222
0.431 0.3999999999999999 0.169
0.662 0.19999999999999996 0.138
0.508 0.2 0.292
0.246 0.008 0.746
0.738 0.2 0.062
0.27166666666666667 0.6433333333333333 0.085
0.508 0.292 0.2
0.277 0.39999999999999997 0.323
0.27166666666666667 0.015 0.7133333333333333
0.431 0.3999999999999999 0.169
0.27166666666666667 0.085 0.6433333333333333
0.354 0.4 0.246
0.354 0.4 0.246
0.277 0.323 0.39999999999999997
0.2 0.267 0.533
0.431 0.169 0.3999999999999999
0.508 0.27 0.222
0.2 0.533 0.267
0.2 0.533 0.267
0.354 0.4 0.246
0.662 0.19999999999999996 0.138
0.27166666666666667 0.6433333333333333 0.085
0.354 0.4 0.246
0.662 0.26999999999999996 0.068
0.27166666666666667 0.015 0.7133333333333333
0.27166666666666667 0.6433333333333333 0.085
0.246 0.746 0.008
0.354 0.4 0.246
0.738 0.062 0.2
0.27166666666666667 0.085 0.6433333333333333
0.2 0.267 0.533
0.27166666666666667 0.7133333333333333 0.015
0.431 0.3999999999999999 0.169
0.431 0.169 0.3999999999999999
0.662 0.068 0.26999999999999996
0.354 0.4 0.246
0.585 0.20000000000000004 0.215
0.662 0.26999999999999996 0.068
0.431 0.3999999999999999 0.169
0.354 0.4 0.246
0.585 0.145 0.27
0.431 0.169 0.3999999999999999
0.277 0.39999999999999997 0.323
0.508 0.27 0.222
0.27166666666666667 0.085 0.6433333333333333
0.27166666666666667 0.015 0.7133333333333333
0.585 0.27 0.145
0.431 0.169 0.3999999999999999
0.354 0.246 0.4
0.277 0.39999999999999997 0.323
0.585 0.27 0.145
0.431 0.169 0.3999999999999999
0.246 0.746 0.008
0.662 0.138 0.19999999999999996
0.508 0.2 0.292
0.2 0.533 0.267
0.508 0.292 0.2
0.662 0.068 0.26999999999999996
0.27166666666666667 0.7133333333333333 0.015
0.354 0.246 0.4
0.246 0.008 0.746
0.354 0.4 0.246
0.585 0.145 0.27
0.585 0.20000000000000004 0.215
0.2 0.533 0.267
0.662 0.26999999999999996 0.068
0.27166666666666667 0.015 0.7133333333333333
0.2 0.267 0.533
0.354 0.246 0.4
0.2 0.267 0.533
0.2 0.533 0.267
0.2 0.533 0.267
0.738 0.2 0.062
0.508 0.27 0.222
0.431 0.169 0.3999999999999999
0.277 0.39999999999999997 0.323
0.662 0.26999999999999996 0.068
0.246 0.008 0.746
0.508 0.2 0.292
0.738 0.2 0.062
0.2 0.267 0.533
0.662 0.26999999999999996 0.068
0.508 0.222 0.27
0.2 0.533 0.267
0.585 0.27 0.145
0.354 0.246 0.4
0.738 0.062 0.2
0.585 0.145 0.27
0.27166666666666667 0.6433333333333333 0.085
0.27166666666666667 0.7133333333333333 0.015
0.2 0.267 0.533
0.354 0.4 0.246
0.738 0.2 0.062
0.431 0.3999999999999999 0.169
0.585 0.20000000000000004 0.215
0.27166666666666667 0.7133333333333333 0.015
0.246 0.008 0.746
0.354 0.4 0.246
0.27166666666666667 0.7133333333333333 0.015
