Time of execution: 11.411643505096436
Population size = 50 
Number of generation = 800

150
[34, 97, 64, 65, 110, 22, 88, 1, 131, 117, 127, 144, 33, 61, 45, 136, 47, 58, 129, 141, 63, 98, 70, 143, 106, 10, 119, 24, 130, 38, 18, 138, 67, 53, 3, 96, 42, 48, 25, 120, 92, 51, 55, 95, 150, 11, 66, 87, 128, 12, 49, 19, 109, 103, 123, 134, 114, 148, 27, 89, 116, 9, 74, 6, 44, 105, 133, 71, 112, 132, 75, 80, 46, 146, 139, 76, 77, 78, 30, 81, 93, 84, 85, 86, 8, 91, 62, 39, 108, 52, 4, 135, 41, 101, 126, 37, 99, 57, 5, 140, 94, 31, 145, 137, 13, 26, 29, 56, 68, 15, 17, 115, 60, 23, 36, 104, 35, 102, 69, 50, 83, 113, 43, 125, 90, 54, 111, 2, 142, 14, 40, 28, 73, 72, 59, 82, 32, 121, 20, 122, 100, 16, 107, 124, 7, 147, 79, 21, 149, 118]
21915

Time of execution: 14.090737104415894
Population size = 50 
Number of generation = 1000

150
[57, 120, 142, 32, 53, 24, 137, 42, 58, 55, 108, 138, 102, 106, 107, 46, 77, 116, 14, 60, 132, 110, 126, 21, 141, 19, 115, 49, 82, 146, 1, 36, 25, 7, 54, 98, 59, 62, 99, 90, 51, 35, 13, 2, 105, 47, 29, 118, 79, 27, 148, 12, 75, 124, 85, 95, 45, 70, 63, 94, 89, 20, 52, 10, 117, 44, 129, 121, 136, 92, 16, 11, 93, 18, 6, 76, 48, 80, 81, 71, 119, 84, 100, 91, 128, 111, 123, 150, 101, 83, 103, 97, 39, 72, 87, 127, 144, 8, 66, 64, 9, 114, 4, 67, 104, 43, 50, 125, 133, 122, 135, 34, 68, 15, 149, 38, 22, 30, 78, 69, 3, 28, 109, 113, 147, 131, 145, 143, 139, 61, 86, 31, 134, 41, 23, 130, 140, 73, 96, 40, 37, 88, 112, 74, 33, 5, 56, 17, 26, 65]
20088

Time of execution: 20.996654987335205
Population size = 50 
Number of generation = 1500

150
[59, 119, 19, 74, 17, 111, 58, 35, 26, 103, 87, 123, 129, 37, 64, 34, 112, 7, 27, 136, 14, 3, 33, 132, 32, 10, 147, 115, 20, 114, 8, 63, 148, 149, 65, 77, 92, 2, 84, 31, 97, 79, 113, 150, 78, 55, 98, 122, 43, 28, 108, 146, 44, 105, 88, 90, 51, 139, 69, 40, 67, 53, 121, 11, 22, 24, 126, 85, 110, 1, 42, 118, 5, 130, 47, 66, 54, 100, 81, 16, 131, 50, 41, 89, 18, 91, 94, 76, 96, 104, 25, 128, 102, 141, 52, 45, 120, 106, 61, 71, 38, 82, 144, 36, 93, 107, 46, 56, 21, 143, 75, 48, 99, 29, 125, 134, 70, 6, 83, 109, 80, 138, 86, 57, 135, 49, 137, 12, 13, 124, 68, 15, 72, 140, 60, 73, 39, 9, 30, 23, 117, 127, 145, 101, 116, 4, 133, 142, 62, 95]
19629

Time of execution: 56.37789869308472
Population size = 100 
Number of generation = 2000

150
[118, 119, 36, 29, 132, 40, 84, 8, 19, 88, 91, 54, 63, 97, 106, 131, 47, 115, 3, 125, 130, 150, 33, 121, 120, 100, 134, 85, 129, 146, 7, 66, 148, 1, 94, 42, 135, 76, 71, 35, 34, 15, 39, 61, 80, 123, 105, 27, 141, 89, 52, 44, 14, 73, 110, 65, 11, 78, 38, 21, 64, 22, 99, 133, 107, 81, 103, 111, 136, 30, 2, 67, 127, 74, 75, 68, 77, 50, 82, 86, 101, 126, 138, 4, 144, 95, 72, 32, 23, 6, 92, 143, 113, 59, 69, 48, 5, 93, 149, 112, 70, 58, 128, 12, 17, 57, 87, 49, 90, 53, 20, 139, 108, 37, 114, 10, 147, 46, 16, 145, 137, 98, 60, 102, 124, 9, 116, 142, 109, 43, 55, 104, 25, 140, 45, 79, 31, 28, 83, 122, 96, 62, 56, 13, 18, 41, 51, 24, 117, 26]
21452
