100 28
101 51
102 38
103 40
104 98
105 24
106 48
107 76
108 66
109 79
110 43
111 84
112 10
113 77
115 37
116 36
117 90
118 1
119 79
120 66
121 58
122 73
123 50
124 100
125 9
126 26
127 22
128 10
129 95
130 75
131 74
132 73
133 63
134 93
135 54
136 40
137 87
138 64
139 42
140 14
141 7
142 17
143 87
144 82
145 14
146 19
147 52
148 22
149 12
150 18
151 41
152 83
153 88
154 79
155 76
156 42
157 54
158 98
159 63
160 93
161 56
162 97
163 9
164 25
165 41
166 79
167 51
168 2
169 36
170 90
171 45
172 72
173 99
174 79
175 37
176 2
177 34
178 78
179 69
180 15
181 16
182 25
183 51
184 6
185 26
186 55
187 18
188 75
189 2
190 2
191 20
192 43
193 89
194 14
195 90
196 40
197 26
198 7
199 25
