200 55
201 62
202 96
203 41
204 5
205 53
206 2
207 24
208 81
209 53
210 11
211 76
212 53
213 5
214 63
215 48
216 6
217 24
218 9
219 5
220 8
221 26
222 26
223 16
224 99
225 8
226 4
227 4
228 24
229 4
230 17
231 93
232 72
233 77
234 86
235 10
236 73
237 80
238 29
239 11
240 84
241 90
242 84
243 76
244 18
245 58
246 45
247 59
248 37
249 64
250 54
251 32
252 96
253 20
254 25
256 2
257 29
258 59
259 8
260 33
261 87
262 83
263 69
264 28
265 100
266 97
267 41
268 18
269 40
270 46
271 18
272 42
273 58
274 43
275 66
276 48
277 79
278 52
279 25
280 72
281 64
282 39
283 50
284 49
285 19
286 58
287 97
288 47
289 46
290 10
291 10
292 63
293 59
294 87
295 69
296 59
297 61
298 66
299 24
