100 52
101 46
102 6
103 66
104 99
105 2
106 95
107 100
108 90
109 41
110 54
111 50
112 29
113 82
114 1
115 81
116 96
117 100
118 86
119 45
120 54
121 24
122 38
123 26
124 41
125 21
126 62
127 37
128 30
129 23
130 23
131 11
132 4
133 73
134 38
135 22
136 51
137 74
138 8
139 60
140 37
141 75
142 -1
143 52
144 20
145 86
146 39
147 23
148 54
149 52
150 42
151 79
152 16
153 30
154 87
155 96
156 12
157 95
158 66
159 9
160 72
161 90
162 20
163 37
164 6
165 19
166 62
167 18
168 68
169 77
170 47
171 98
173 73
174 92
175 94
176 50
177 64
178 33
179 26
180 85
181 25
182 96
183 31
184 54
185 21
186 53
187 22
188 30
189 25
190 10
191 -1
192 94
193 15
194 21
195 78
196 87
197 27
198 87
199 11
