100 32
101 66
102 58
103 58
104 70
105 21
106 3
107 76
108 63
109 87
110 39
111 99
112 4
113 6
114 2
115 10
116 75
117 72
118 15
119 4
120 22
121 22
122 71
123 75
124 1
125 91
126 12
127 19
128 75
129 95
130 58
132 95
133 6
134 90
135 23
136 36
137 45
138 95
139 49
140 60
141 92
142 71
143 39
144 1
145 35
146 2
147 88
148 30
149 24
150 80
151 68
152 18
153 53
154 27
155 9
156 29
157 84
158 70
159 19
160 16
161 7
162 77
163 38
164 21
165 6
166 44
167 38
168 47
169 49
170 32
171 32
172 61
173 38
174 44
175 87
176 99
177 24
178 78
179 79
180 20
181 20
182 41
183 45
184 10
185 76
186 1
187 9
188 75
189 43
190 45
191 36
192 23
193 71
194 24
195 67
196 7
197 45
198 92
199 28
