0 43
1 89
2 92
3 3
4 24
5 45
6 65
7 42
8 2
9 43
10 71
11 13
12 24
13 42
14 23
15 28
16 25
17 91
18 100
19 43
20 93
21 54
22 21
23 95
24 100
25 82
26 78
27 -1
29 57
30 78
31 60
32 71
33 30
34 56
35 41
36 21
37 16
38 86
39 32
40 62
41 100
42 15
43 94
44 33
46 78
47 52
48 50
49 92
50 69
51 36
52 91
53 35
54 99
55 92
56 92
57 97
58 91
59 36
60 85
61 52
62 64
63 60
64 57
65 15
66 9
67 58
68 72
69 51
70 2
71 87
72 90
73 36
74 17
75 79
76 41
77 30
78 17
79 5
80 70
81 64
82 39
83 59
84 22
85 78
86 54
87 70
88 4
89 24
90 99
91 32
92 9
93 80
95 38
96 48
97 33
98 41
99 65
