300 95
301 73
302 91
303 62
304 69
305 62
306 71
307 100
308 39
309 93
310 51
311 10
313 39
314 81
315 9
316 14
317 54
318 33
319 33
321 11
322 63
323 94
324 100
325 100
326 75
327 75
328 60
329 58
330 33
331 51
332 95
333 93
334 22
335 79
336 34
337 83
338 71
339 24
341 9
342 10
343 35
344 36
345 81
346 18
347 60
348 72
349 88
350 36
351 93
352 97
353 98
354 92
355 94
356 29
357 82
358 22
359 82
360 80
361 71
362 37
363 41
364 10
365 2
366 98
367 38
368 35
369 98
370 97
371 2
372 42
373 58
374 38
375 85
376 15
377 9
378 39
379 98
380 8
381 89
382 60
383 78
384 33
385 19
386 42
387 95
388 18
389 72
390 38
391 24
392 12
393 53
394 28
395 100
396 44
397 86
398 82
399 68
