0 100
1 93
2 96
3 60
4 31
5 45
6 100
7 60
8 77
9 28
10 2
11 79
12 27
13 50
14 88
15 40
16 7
17 10
18 50
19 24
20 45
21 44
22 19
23 15
24 76
25 2
26 32
27 76
28 64
29 55
30 6
31 13
32 98
33 44
34 46
35 45
36 96
37 59
38 42
39 67
40 84
41 91
42 20
43 17
44 84
45 67
46 92
47 43
48 81
49 76
50 68
51 42
52 7
53 89
54 35
55 42
56 58
57 67
58 69
59 32
60 90
61 66
62 20
63 81
64 51
65 78
66 2
67 87
68 91
69 55
70 25
71 38
72 13
73 27
74 46
75 39
76 90
77 7
78 47
79 6
80 41
81 95
82 78
83 99
84 60
85 10
86 79
87 39
88 73
89 42
90 61
91 46
92 44
93 78
94 93
95 83
96 97
97 66
98 1
99 33
