0 54
1 62
2 78
3 32
4 17
5 20
6 56
7 10
8 66
9 22
10 17
11 34
12 39
13 19
14 16
15 75
16 81
17 85
18 61
19 43
20 16
21 16
22 100
23 15
24 84
25 3
26 60
27 16
28 3
29 88
30 67
31 79
32 28
33 95
34 60
35 42
36 52
37 85
38 14
39 55
40 64
41 36
42 13
43 55
44 44
45 81
46 23
47 42
48 64
49 58
50 39
51 56
52 75
53 75
54 7
55 11
56 96
57 92
58 14
59 82
60 95
61 41
62 20
63 73
64 53
65 9
66 94
67 11
68 71
69 96
70 10
71 23
72 28
73 76
74 3
75 17
76 37
77 97
78 85
79 20
80 32
81 49
82 68
83 46
84 84
85 68
86 93
87 62
88 15
89 96
90 12
91 6
92 15
93 11
94 74
95 33
96 49
97 74
98 16
99 31
