300 37
301 16
302 37
303 46
304 92
305 45
306 2
307 27
308 -1
309 4
310 27
311 38
312 76
313 24
314 66
315 89
316 14
317 32
318 70
319 70
320 41
321 21
322 23
323 65
324 56
325 12
326 79
327 70
328 12
329 50
330 57
331 66
332 46
334 62
335 48
336 14
337 36
338 53
339 11
340 30
341 81
342 73
343 66
344 84
345 46
346 21
347 80
348 6
349 31
350 4
351 43
352 10
353 100
354 74
355 78
356 88
357 47
358 38
359 38
360 20
361 80
362 40
363 21
364 5
365 58
366 19
367 90
368 92
369 10
370 83
371 97
372 59
373 54
374 69
375 94
376 87
377 66
378 75
379 4
380 25
381 15
382 63
383 56
384 7
385 75
386 34
387 62
388 59
389 98
390 47
391 55
392 59
393 17
394 68
395 6
396 38
397 77
398 100
399 69
