300 33
301 66
302 13
303 47
304 69
305 16
306 72
307 43
308 33
309 27
310 31
311 7
312 67
314 19
315 45
316 55
317 92
318 58
319 38
320 20
321 16
322 41
323 1
324 46
325 38
326 38
327 6
328 33
329 75
330 31
331 69
332 34
333 83
334 87
335 31
336 54
337 24
338 97
339 79
340 75
341 89
342 85
343 5
344 38
345 26
346 45
347 23
348 43
349 25
350 53
351 50
352 36
353 68
354 27
355 64
356 69
357 73
358 40
359 70
360 25
361 68
362 30
363 18
364 54
365 1
366 70
367 8
368 87
369 51
370 17
371 81
372 39
373 9
374 58
375 44
376 18
377 10
378 15
379 34
380 82
381 41
382 51
383 94
384 14
385 34
386 79
387 7
388 96
389 18
390 90
391 86
392 38
393 78
394 31
395 97
396 45
397 52
398 29
399 86
