300 6
301 90
302 42
303 40
304 61
305 100
306 95
307 12
308 44
309 49
310 48
311 31
312 14
313 -1
314 95
315 46
316 99
317 48
318 4
319 57
320 17
321 54
322 12
323 58
324 100
325 -1
326 96
327 47
328 -1
329 57
330 84
331 65
332 33
333 9
334 63
335 58
336 17
337 1
338 29
339 23
340 60
341 68
342 74
343 3
344 88
345 58
346 -1
347 64
348 60
349 18
350 82
351 90
352 49
353 21
354 89
355 9
356 43
357 37
358 99
359 77
360 8
361 52
362 -1
363 49
364 69
365 37
366 61
367 20
368 56
369 33
370 82
371 37
372 40
373 18
374 88
375 49
376 86
377 59
378 12
379 18
380 83
381 85
382 48
383 99
384 48
385 80
386 44
387 10
388 86
389 97
390 54
391 24
392 58
393 94
394 49
395 36
396 98
397 51
398 83
399 -1
