200 96
201 5
202 85
203 76
204 48
205 76
206 21
207 5
209 10
210 29
211 42
212 59
213 89
214 35
215 66
216 85
217 69
218 32
219 14
220 8
221 81
222 100
223 57
224 30
225 42
226 86
227 24
228 100
229 68
230 81
231 44
232 41
233 44
234 84
235 88
236 34
237 30
238 53
239 6
240 76
241 97
242 99
243 76
244 7
245 70
246 38
247 94
248 96
249 39
250 48
251 90
252 28
253 5
254 13
255 73
256 36
257 21
258 4
259 34
260 36
261 100
262 36
263 33
264 59
265 44
266 66
267 55
268 70
269 75
270 74
271 1
272 77
273 -1
274 18
275 66
276 49
277 50
278 62
279 79
280 90
281 82
282 70
283 40
284 84
285 46
286 45
287 45
288 39
289 24
290 66
291 21
292 61
293 88
294 90
295 15
296 81
297 92
298 52
299 45
