300 40
301 42
302 5
303 99
304 64
305 52
306 64
307 28
308 70
309 80
310 88
311 22
312 26
313 64
314 56
315 3
316 59
317 21
318 16
319 6
320 6
321 81
322 37
323 42
324 18
325 66
326 65
327 7
328 48
329 99
330 48
331 7
332 84
333 29
334 76
335 37
336 47
337 75
338 36
339 91
340 99
341 80
342 71
343 61
344 55
345 37
346 62
347 27
348 31
349 94
350 21
351 93
352 26
353 1
354 22
355 67
356 37
357 42
358 84
359 68
360 49
361 44
362 89
363 44
364 48
365 41
366 31
367 79
368 23
369 23
370 63
371 22
372 21
373 5
374 68
375 27
377 58
378 71
379 84
380 40
381 88
382 40
383 62
384 68
385 5
386 99
387 17
388 35
389 57
390 86
391 91
392 12
393 70
394 41
395 97
396 45
397 51
398 -1
399 70
