201 42
202 61
203 13
204 64
205 13
206 92
207 43
208 39
209 93
210 84
211 63
213 69
214 7
215 15
216 94
217 27
218 39
219 86
220 28
221 81
222 79
223 49
224 53
225 11
226 47
227 73
228 -1
229 52
230 99
231 92
232 91
233 99
234 46
235 60
236 36
237 11
238 21
239 97
240 69
241 67
242 64
243 42
244 3
245 39
246 29
247 95
248 87
249 47
250 10
251 25
252 15
253 14
254 72
255 56
256 41
257 18
258 77
259 48
260 16
261 81
262 19
263 91
264 85
265 60
266 7
267 33
268 48
269 21
270 98
271 7
272 66
273 77
274 66
275 99
276 32
277 80
278 30
279 86
280 15
281 92
283 3
284 43
285 69
286 62
287 82
288 49
289 72
290 73
291 79
293 94
294 59
295 81
296 28
297 75
298 79
299 48
