300 36
301 33
302 81
303 65
304 61
305 73
306 98
307 82
308 4
309 89
310 77
311 81
312 87
313 95
314 9
315 52
316 5
317 82
318 15
319 57
320 72
321 33
322 14
323 36
324 4
325 67
326 32
327 28
328 41
329 88
330 79
331 11
332 49
333 20
334 61
335 37
336 53
337 48
338 11
339 7
340 28
341 99
342 29
343 49
344 28
345 90
346 65
347 8
348 56
349 66
350 34
351 20
352 61
353 48
354 30
355 24
356 1
357 62
358 95
359 74
360 2
361 32
362 48
363 82
364 42
365 78
366 33
367 50
368 38
369 22
370 61
371 95
372 64
373 55
374 86
375 80
376 92
377 62
379 40
380 45
381 26
382 83
383 77
384 85
385 46
386 31
387 9
388 1
389 93
390 22
391 61
392 5
393 88
394 83
395 14
396 12
397 9
398 39
399 35
