0 24
1 28
2 24
3 30
4 51
5 77
6 6
7 18
8 27
9 94
10 100
11 7
12 23
13 1
14 79
15 1
16 42
17 31
18 30
19 1
20 88
21 96
22 52
23 73
24 88
25 45
26 90
27 70
28 45
29 29
30 82
31 6
32 86
33 77
34 13
35 63
36 1
37 56
38 80
39 43
40 45
41 40
42 -1
43 24
44 33
45 59
46 41
47 68
48 97
49 90
50 32
51 70
52 87
53 95
54 100
55 41
56 50
57 4
58 60
59 12
60 55
61 50
62 100
63 25
64 71
65 46
66 60
67 28
68 10
69 84
70 18
71 87
72 40
73 44
74 63
75 37
76 64
77 98
78 14
79 48
80 31
81 31
82 54
83 72
84 18
85 80
86 56
87 37
88 87
89 71
90 3
91 92
92 95
93 10
94 76
95 85
96 39
97 12
98 72
99 60
