400 15
401 64
402 92
403 11
404 67
405 65
406 34
407 53
408 69
409 45
410 51
411 95
412 30
413 80
414 64
415 69
416 10
417 23
418 7
419 78
420 93
421 24
422 58
423 23
424 35
425 8
426 51
427 99
428 19
429 96
430 35
431 2
432 58
433 87
434 30
435 72
436 49
437 5
438 55
439 9
440 24
441 9
442 26
443 62
444 45
445 92
446 32
447 41
448 69
449 63
450 4
451 13
452 63
453 16
455 55
456 31
457 1
458 71
459 56
460 10
461 66
462 62
464 69
465 50
466 48
467 82
468 97
469 55
470 98
471 96
472 53
473 49
474 21
475 92
476 67
477 28
478 29
479 56
480 38
481 82
482 17
483 30
484 90
485 35
486 65
487 35
488 95
489 4
490 2
491 55
492 98
493 15
494 82
495 39
497 56
498 25
499 81
