0 38
1 8
2 83
3 50
4 4
5 56
6 20
7 37
8 100
9 94
10 96
11 37
12 7
13 93
14 81
15 39
16 100
17 89
18 62
19 72
20 75
21 89
22 11
23 8
24 14
25 42
26 75
27 70
28 47
29 66
30 5
31 12
33 85
34 17
35 76
36 27
37 43
38 53
39 39
40 4
41 3
42 18
43 34
44 1
45 96
46 70
47 100
48 75
49 63
50 98
51 37
52 64
53 45
54 5
55 13
56 73
57 53
58 26
59 23
60 95
61 13
62 -1
63 62
64 75
65 94
66 37
67 61
68 93
69 39
70 16
71 1
72 81
73 92
74 83
75 77
76 61
77 55
78 57
79 55
80 72
81 25
82 80
83 63
84 97
85 46
86 2
87 29
88 60
89 82
90 48
92 49
93 54
94 64
95 34
96 15
97 45
98 12
99 93
