400 32
401 11
402 86
403 98
404 24
405 68
406 25
407 34
408 46
409 66
410 67
411 24
412 83
413 85
414 71
415 -1
416 52
417 19
418 38
419 48
420 79
421 79
422 36
423 55
424 67
425 10
426 45
427 37
428 91
429 48
430 85
431 54
432 100
433 41
434 57
435 41
436 78
437 26
438 30
439 76
440 -1
441 22
442 51
443 85
444 85
445 93
446 99
447 93
448 29
449 13
450 2
451 32
452 79
453 11
454 40
455 54
456 32
457 51
458 48
459 43
460 61
461 -1
462 22
463 11
464 12
465 92
466 26
467 89
468 85
469 49
470 51
471 61
472 17
473 46
474 5
475 12
476 20
477 20
478 16
479 89
480 67
481 6
482 81
483 62
484 84
485 49
486 20
487 29
488 16
489 84
490 99
491 47
492 81
493 97
494 82
495 98
496 -1
497 91
498 66
499 25
