100 59
101 63
102 3
103 74
104 99
105 41
106 47
107 75
108 21
109 82
110 59
111 57
112 50
113 97
114 69
115 32
117 31
118 80
119 14
120 89
121 10
122 85
123 72
124 99
125 100
126 76
128 31
129 72
130 49
131 48
132 39
133 8
134 82
135 43
136 52
137 93
138 44
139 8
140 15
141 89
142 85
143 44
144 77
145 92
146 84
147 70
148 6
149 54
150 20
151 7
152 1
153 82
154 60
155 28
156 54
157 85
158 58
159 22
160 63
161 2
162 28
163 24
164 69
165 83
166 3
167 65
168 91
169 40
170 93
171 63
172 37
173 59
174 89
175 92
176 66
177 18
178 10
179 22
180 25
181 99
182 80
183 50
184 41
185 48
186 96
187 42
188 52
189 22
190 24
191 26
192 17
193 75
194 47
195 32
196 71
197 95
198 74
199 61
