400 92
401 24
402 88
403 19
404 49
405 51
406 100
407 74
408 55
409 53
410 65
411 83
412 23
413 76
414 72
415 79
416 18
417 11
418 4
419 94
420 23
421 1
422 63
423 82
424 87
425 80
426 74
427 38
428 95
429 16
430 33
431 19
432 -1
433 7
434 11
435 51
436 21
437 42
438 36
439 61
440 9
441 79
442 66
443 39
444 68
445 74
446 18
447 66
448 100
449 -1
450 61
451 41
452 60
453 34
454 55
455 44
456 11
457 99
458 88
459 84
460 10
461 1
462 78
463 85
464 87
465 19
466 9
467 19
468 62
469 17
470 17
471 82
472 91
473 57
474 32
475 92
476 57
477 92
478 15
479 1
480 33
481 26
482 89
483 75
484 73
485 93
486 71
487 95
488 81
489 28
490 62
491 78
492 94
493 37
494 7
495 56
496 76
497 7
498 12
499 9
