100 25
101 94
102 71
103 5
104 53
105 45
106 60
107 87
108 2
109 25
110 77
111 43
112 85
113 23
114 96
115 39
116 50
117 38
118 79
119 9
120 8
121 85
122 78
123 30
124 47
125 40
126 95
127 11
128 39
129 68
130 75
131 18
132 51
133 43
134 70
135 63
136 96
137 96
138 99
139 63
140 7
141 95
142 37
143 44
144 7
145 11
146 86
147 100
148 97
149 71
150 51
151 58
152 -1
153 62
154 33
155 9
156 70
157 97
158 20
159 31
160 72
161 88
162 37
163 58
164 13
165 92
166 7
167 26
168 88
169 40
170 63
171 8
172 38
173 15
174 38
175 34
176 69
177 81
178 82
179 20
180 90
181 57
182 51
183 8
184 35
185 71
186 4
187 56
188 6
189 53
190 74
191 68
192 57
193 6
194 1
195 67
196 5
197 34
198 76
199 36
