200 20
201 5
202 51
203 89
204 12
205 42
206 41
207 26
208 10
209 97
210 7
211 28
212 95
213 70
214 85
215 4
216 86
217 39
218 83
219 3
220 53
221 45
222 83
223 33
224 29
225 31
226 29
227 49
228 78
229 71
230 44
231 13
232 27
233 10
234 41
235 59
236 10
237 7
238 16
239 72
240 44
241 79
242 89
243 22
244 50
245 55
246 23
247 4
248 86
249 35
250 61
251 77
252 52
253 93
254 55
255 31
256 93
257 82
258 90
259 12
260 32
261 69
262 21
263 71
264 59
265 59
266 65
267 68
268 56
269 47
270 47
272 30
273 36
274 18
275 85
276 15
277 23
279 18
280 29
281 32
282 27
283 85
284 55
285 59
287 75
288 31
289 1
290 40
291 60
292 53
293 72
295 97
296 25
297 69
298 45
299 47
