0 92
1 21
2 65
3 1
4 59
5 9
6 64
7 73
8 38
9 85
10 82
11 26
12 89
13 13
14 21
15 31
16 95
17 29
18 18
19 76
20 59
21 48
22 32
23 100
24 23
25 21
26 95
27 11
28 21
29 42
30 90
31 25
32 91
33 76
34 19
35 18
36 49
37 62
38 60
39 65
40 64
41 68
42 81
43 53
44 76
45 39
46 96
47 20
48 51
49 67
50 53
51 70
52 48
53 24
54 95
55 89
56 3
57 7
58 59
59 22
60 73
61 72
62 14
63 29
64 35
65 48
66 67
67 41
68 89
69 80
70 22
71 22
72 59
73 46
74 54
75 24
76 54
77 76
78 8
79 15
80 6
81 4
82 9
83 17
84 24
85 69
86 90
87 85
88 80
89 53
90 60
91 33
92 69
93 11
94 85
95 43
96 19
97 69
98 96
99 13
