300 44
301 10
302 26
303 21
305 36
306 66
307 38
308 63
309 5
310 49
311 35
312 68
313 20
314 94
315 75
316 97
317 25
318 26
319 71
321 75
322 70
323 84
324 73
325 90
327 87
328 46
329 79
330 55
331 62
332 98
333 71
334 70
335 65
336 41
337 49
338 32
339 73
340 53
341 3
342 92
343 82
344 19
345 33
346 94
347 28
348 43
349 52
350 25
351 58
352 78
353 57
354 79
355 44
356 98
357 69
358 100
359 69
360 81
361 70
362 25
363 85
364 65
365 77
366 77
367 25
368 41
369 4
370 32
371 19
372 62
373 81
374 86
375 85
376 7
377 30
378 40
379 59
380 66
381 6
382 90
383 96
384 66
385 88
386 4
387 61
388 90
389 71
390 19
391 82
392 36
393 24
394 30
395 16
396 63
397 67
398 31
399 49
