100 95
101 83
102 93
103 80
104 70
105 15
106 73
107 22
108 12
109 17
110 67
111 4
112 19
113 25
114 16
115 54
116 84
117 92
118 -1
119 44
120 85
121 83
122 5
123 78
124 61
125 84
126 58
127 84
128 56
129 15
130 17
131 13
132 93
133 82
134 49
135 83
136 71
137 41
138 36
139 85
140 11
141 13
142 1
143 97
144 96
145 39
146 58
147 27
148 65
149 98
150 43
151 10
152 44
153 78
154 48
155 7
156 92
157 76
158 83
159 22
160 42
161 15
162 97
163 87
164 1
165 2
166 95
167 1
168 1
169 10
170 34
171 33
172 95
173 34
174 9
175 8
176 41
177 74
178 20
179 89
180 33
181 15
182 33
183 36
184 39
185 13
186 65
187 72
188 98
189 83
190 62
191 27
192 67
193 74
194 93
195 98
196 74
197 56
198 31
199 82
