400 55
401 13
402 -1
403 4
404 -1
405 78
406 13
407 36
408 52
409 88
410 37
411 30
412 41
413 47
414 12
415 59
416 3
417 15
418 -1
419 19
420 14
421 38
422 68
423 12
424 41
425 9
426 49
427 97
428 75
429 44
430 38
431 8
432 41
433 99
434 56
435 46
436 1
437 54
438 86
439 58
440 38
441 30
442 88
443 24
444 32
445 67
446 25
447 53
448 47
449 7
450 14
451 56
452 17
453 23
454 47
455 31
456 1
457 85
458 73
459 45
460 2
461 26
462 16
463 40
464 89
465 1
466 80
467 31
468 96
469 50
470 30
471 53
472 90
473 86
474 77
475 60
476 3
477 65
478 100
479 41
480 66
481 21
482 26
483 91
484 31
485 62
486 79
487 2
488 42
489 63
490 37
491 21
492 53
493 53
494 41
495 5
496 71
497 42
498 40
499 13
