1 -1
2 62
3 3
4 72
5 4
6 46
7 46
8 80
9 94
10 4
11 6
12 17
13 95
14 66
15 30
16 81
17 60
18 2
19 96
20 50
21 45
22 68
23 37
24 62
25 44
26 84
27 17
28 63
29 64
30 68
31 18
32 17
33 99
34 69
35 93
36 92
37 13
38 69
39 18
40 85
41 9
42 44
43 32
44 19
45 33
46 51
47 73
48 13
49 17
50 98
51 93
52 29
53 55
54 46
55 23
56 56
57 53
58 43
59 27
60 63
61 1
62 82
63 76
64 10
65 57
66 45
67 18
68 73
69 44
70 82
71 15
72 1
73 25
74 22
75 17
76 73
77 73
78 51
79 25
80 3
81 66
82 77
83 49
84 92
85 14
86 3
87 35
88 90
89 18
90 27
91 36
92 28
93 36
94 100
95 13
96 3
97 16
98 51
99 14
