0 62
1 39
2 82
3 31
4 8
5 17
6 70
7 61
8 17
9 46
10 97
11 54
12 11
13 97
14 43
15 35
16 3
17 53
18 61
19 89
20 70
21 4
22 20
23 70
24 34
25 72
26 90
27 34
28 100
29 46
30 58
31 16
32 49
33 36
34 37
35 81
36 64
37 40
38 76
39 42
40 91
41 54
42 41
43 20
44 7
45 56
46 41
47 7
48 80
49 65
50 40
51 49
52 32
53 58
54 20
55 15
56 79
57 79
58 72
59 9
60 84
61 96
62 26
63 50
64 44
65 38
67 53
68 82
69 53
70 47
71 56
72 44
73 62
74 20
75 85
76 45
77 69
78 74
79 33
80 49
81 61
82 92
83 53
84 73
85 76
86 40
87 19
88 73
89 18
90 41
91 88
92 49
93 92
94 5
95 22
96 100
97 91
98 68
99 8
