100 99
101 85
102 66
103 2
104 10
105 47
106 -1
107 8
108 63
109 13
110 99
111 61
112 75
113 56
114 91
115 47
116 35
117 72
118 13
119 18
120 25
121 36
122 45
123 95
124 46
125 40
126 16
127 36
128 18
129 3
130 93
131 35
132 53
133 78
134 82
135 79
136 45
138 77
139 10
140 35
141 65
142 83
143 8
144 60
145 72
146 98
147 21
148 34
149 13
150 3
151 26
152 45
153 11
154 94
155 23
156 32
157 53
158 65
160 24
161 100
162 15
163 45
164 23
165 39
166 78
167 12
168 47
169 27
170 19
171 4
172 76
173 45
174 73
175 62
176 94
177 69
178 11
179 19
180 35
181 8
182 52
183 26
184 84
185 3
186 29
187 20
188 91
189 27
190 85
191 18
192 65
193 54
194 14
195 67
196 31
197 32
198 72
199 24
