-1708
99
0 18
0 90
1 50
4 94
5 27
5 73
5 78
6 63
8 39
9 77
13 8
13 72
13 76
15 71
16 2
16 31
16 46
17 45
18 96
19 17
19 43
20 35
21 24
21 61
22 52
22 80
23 84
23 85
26 36
27 6
28 42
31 44
32 41
32 57
33 47
34 29
35 49
36 21
37 1
37 3
37 95
39 16
39 34
39 51
39 58
39 81
39 91
40 88
42 97
44 38
44 79
45 11
45 15
46 64
48 10
48 19
51 70
54 48
56 9
56 26
56 74
58 25
58 59
58 67
58 99
60 53
60 83
62 13
62 30
63 54
66 56
66 98
67 12
67 68
68 32
68 60
69 14
70 65
70 82
78 22
79 87
79 93
81 7
81 37
82 28
82 33
83 86
88 5
89 4
89 20
89 55
90 66
92 75
93 23
95 92
97 69
98 40
98 62
99 89
