1 75 35
2 362 34
3 136 2
4 91 17
5 43 36
6 153 22
7 223 15
8 163 21
9 219 13
10 41 38
11 240 9
12 324 37
13 79 8
14 79 39
15 244 7
16 350 25
17 178 40
18 118 19
19 172 20
20 295 6
21 281 4
22 73 41
23 331 18
24 128 23
25 52 3
26 197 5
27 194 14
28 164 11
29 130 43
30 224 24
31 364 10
32 202 42
33 79 12
34 100 44
35 159 26
36 140 1
37 155 16
38 236 27
39 151 30
40 385 29
41 280 28
42 75 33
43 94 45
44 294 31
45 225 32
46 142 47
47 153 46
48 164 49
49 75 52
50 174 48
51 218 50
52 190 51
53 121 54
54 121 53
55 18 55
56 1 58
57 60 59
58 216 56
59 220 57
60 241 62
61 132 61
62 43 65
63 67 64
64 234 60
65 213 66
66 138 67
67 292 63
68 44 69
69 134 70
70 262 71
71 301 68
72 212 74
73 207 72
74 100 76
75 156 75
76 238 73
77 122 77
78 91 81
79 257 78
80 73 82
81 157 80
82 153 79
83 185 84
84 164 85
85 303 83
86 255 86
87 226 87
88 242 89
89 206 90
90 197 88
91 205 91
92 277 93
93 306 92
94 113 95
95 75 97
96 254 94
97 91 98
98 21 100
99 271 96
100 215 99
