-3621131
4999
2175 4302
1034 3369
1469 4400
2758 3248
1406 4010
3619 4667
2400 2998
674 4016
1363 3251
2248 2256
1098 2878
1316 2280
1188 4638
2930 4879
1242 3678
2085 2124
252 1537
1041 1988
824 4962
1965 2263
4028 4882
4558 4875
2156 4151
2150 3506
1343 1535
1967 2682
3135 4516
1170 4870
1305 2635
2204 4341
1284 3889
174 4256
1287 2494
174 1741
3242 3506
802 3446
2224 3302
2215 2645
2374 3103
946 4276
1602 4047
2232 2325
206 4789
225 2449
3023 4901
1142 3948
1142 4753
2539 3508
1087 2612
2430 3770
66 1671
1259 2931
3378 4408
735 3265
3345 4391
554 1842
2120 2148
572 4484
43 1017
3254 3589
3158 3947
4118 4553
107 731
1191 1557
104 3416
4015 4044
1512 1567
2054 3508
2918 4844
2765 4611
1674 2498
1893 3076
1458 2669
1285 1539
2926 3213
2426 4620
768 1009
1470 3500
1843 3827
3499 4273
660 706
1533 3669
2061 2190
3195 4412
439 3897
190 2795
874 1126
1824 1918
3244 3830
714 3468
971 1442
4892 4937
2123 4531
1320 4738
1234 1501
1137 2660
1266 3835
1551 2383
1686 2114
1024 1578
1023 2240
4335 4790
2887 4377
2656 3752
3239 4554
1422 4564
572 1127
1099 3576
1811 4064
2490 2630
1683 3962
596 1809
867 1636
839 3218
900 2965
305 2994
662 3934
1503 3967
980 3559
2629 2905
1304 1778
2087 4173
1297 2857
2836 4587
374 3183
3306 3906
2007 3491
3654 3715
857 3447
3285 3532
3155 3346
2286 3071
86 3063
114 2208
1155 2453
4153 4992
494 4629
107 4784
36 2393
3195 4111
1700 4326
1154 2058
1905 4857
635 3081
561 4294
2948 4490
857 3113
2485 3939
298 790
508 2604
3349 4635
3815 4422
647 4987
46 4684
1275 1520
456 3587
1985 3147
3660 4952
2630 4986
4221 4698
1922 3269
2142 3019
4613 4691
463 659
2736 3422
908 2980
104 1993
1318 3499
46 4751
1177 2520
2085 3893
657 2849
3192 3919
695 3281
943 4359
704 2967
423 4156
2905 3695
2057 3481
1333 3908
409 2999
1422 3327
4280 4989
258 1027
177 1015
218 2885
1039 2341
1038 4159
692 3898
2831 2984
314 3145
924 3916
2595 4014
543 3173
612 3328
1350 2675
2780 4181
227 2120
1360 1548
1969 3242
1279 4182
1745 4721
223 2356
3698 4063
3256 4185
444 4390
2435 3846
197 844
289 807
653 1575
342 1548
11 2289
265 3661
2225 4732
2379 4162
3231 4660
3186 3260
595 2495
2 979
887 919
621 3464
826 3695
1515 2527
1290 3981
1485 1999
1028 1324
1789 3337
2197 2443
1243 2466
2153 4483
1319 2113
2123 4479
1053 2045
2370 4541
222 2272
61 4697
3260 3831
431 3678
1447 4267
506 708
3196 3762
649 2290
1671 4287
731 4293
316 1075
509 2202
2154 2311
4014 4679
1544 2981
2230 3307
1992 3399
1273 3277
1476 2391
3015 4629
625 1200
1375 3915
1900 3245
1773 3388
2335 2780
583 618
436 4280
1837 2159
1640 3121
3495 4166
171 878
764 3181
495 3274
4409 4777
591 1855
861 1991
567 1229
3093 3146
1330 1987
2952 4732
489 2906
839 2075
2953 3369
243 2764
803 3239
3468 3851
2352 2687
2110 2637
509 1551
4587 4967
1173 2636
99 1891
3152 3941
390 1362
1052 2764
3625 3776
3630 4990
80 3691
3202 4185
2268 4845
1773 4112
518 4779
3343 4994
1297 2222
677 3003
894 1897
1559 3110
174 2447
99 377
1157 2105
1386 4751
131 2901
3131 4455
3405 4873
674 4292
2876 3018
243 3646
4529 4787
1666 3049
2090 4441
1420 2200
463 4228
2448 2963
853 4575
1142 1431
169 4270
1528 4708
1526 1778
163 3640
1392 1604
2493 3293
135 1596
588 838
2149 3750
3420 4430
2849 3219
2026 2217
188 2615
3918 4663
1656 3532
4548 4584
1914 4785
3405 4806
2892 4995
1499 4179
1724 4894
449 528
1193 4072
1235 3892
1763 1874
3321 3415
2418 4502
2549 3598
1495 2593
3856 4776
1204 4137
2381 3452
1576 2233
4629 4840
1269 3049
4227 4264
3437 4187
3389 3541
119 4111
583 2236
1761 3031
378 2275
484 4222
1090 2081
1870 2149
2162 4057
151 618
2133 4341
2247 4074
2644 4393
1625 2826
3341 3912
2622 3279
1593 2742
281 3949
1027 1116
474 4198
1407 3312
1135 2359
1359 3315
3127 4364
4429 4547
2026 3384
616 2644
2303 4498
4000 4665
913 4836
15 4256
1569 3600
1528 2356
1218 4360
909 3507
4268 4760
1286 4056
2200 3845
2129 2861
680 2680
306 1520
922 2047
2226 4788
3515 4745
413 3193
1691 3659
48 4909
2787 3405
1364 1621
1759 3078
524 3525
834 3573
148 1003
2860 3576
532 1629
802 2579
1419 1591
686 1543
1624 2223
877 1919
4777 4813
402 1302
2339 4994
2182 4167
529 4435
349 4570
351 1270
4478 4557
202 2187
1229 4450
21 2597
835 3351
2085 2192
509 966
585 1694
2081 2222
2895 3656
2213 2652
904 1724
1884 1952
465 690
1072 4530
279 3894
1996 4006
2442 3060
2901 4447
1618 3723
1730 4610
1728 3985
587 1391
3765 4742
1382 3670
1399 3564
938 3359
77 2641
2611 3105
1772 2814
1561 3120
1271 4895
1386 3012
1888 2953
1820 2963
1696 2635
2483 4234
1577 4034
2149 2449
2069 2819
2452 4817
955 1115
2286 3053
1594 1921
1543 4652
1092 4903
1898 4867
1712 4794
3326 3447
1476 3218
783 895
335 3862
2684 3087
2946 3116
66 1864
150 1582
3539 4683
853 3129
899 1633
257 4669
3697 4494
1382 2009
2019 4143
223 599
2788 4145
1535 4349
1790 2104
2019 2875
106 2535
57 439
1624 3716
2817 4156
589 3648
1276 3984
626 3596
850 3578
2005 2227
2832 4124
1526 2876
2698 4088
1768 2231
4193 4942
1828 4524
765 4146
234 3245
300 2672
2562 3052
979 2838
103 2096
941 3626
945 1516
250 2461
1176 3139
1586 1759
3755 3963
2868 3688
3727 4425
341 3492
122 2404
1109 3253
2834 4519
2910 3701
41 991
1310 2345
655 4959
2197 2683
833 2280
513 653
1003 3185
1458 3308
12 1720
3081 4413
1011 4561
1070 4785
2789 3247
3061 3081
674 3002
52 4704
2388 4602
2033 3614
1303 3263
634 1346
104 1381
3063 4502
1925 4948
521 4874
2336 3828
125 4817
212 2470
1751 4900
1903 2014
3013 3860
2329 2641
4470 4757
2100 2522
907 2587
193 1009
2851 3886
2122 2922
3468 3560
223 4334
2180 3608
1357 4180
749 3227
520 1791
2847 4689
1600 2528
550 4209
2927 3530
1891 3176
2043 2222
1223 2527
2960 4457
1404 4843
4212 4426
3590 4868
3156 3201
560 1226
4450 4606
1911 3227
147 1009
666 3934
799 4246
3521 3658
1367 4103
3122 3924
256 3667
1531 3748
2255 3665
231 1270
2684 3320
389 2566
846 2213
540 4825
1187 2405
2364 2482
3815 3868
713 3634
3669 3684
1064 1073
384 4760
1225 3227
173 937
1015 3578
4001 4348
4356 4862
779 1723
1975 2816
2348 4324
835 1943
2981 3785
2793 4572
10 3742
1736 2536
442 1865
868 3988
3454 3963
2244 3293
2286 4979
933 4783
2779 3658
418 2333
1057 1111
2193 4838
1536 2644
2160 3975
329 3795
1653 3781
1260 2706
3605 4178
4171 4728
1890 4164
1817 4905
995 3245
3692 4954
1108 2535
707 2950
2495 4252
3701 4413
285 415
1313 2078
1243 2650
3444 4859
355 4485
1299 2829
1757 3690
152 4339
628 2155
346 3294
2629 4055
262 3943
887 3008
2632 4500
2542 3277
2494 2667
4028 4689
2091 2420
2555 4241
1149 4466
986 4662
2747 3605
933 4392
1665 3528
3131 3918
2221 3447
745 1645
68 4010
3108 4935
1168 2699
1744 3068
2010 4284
1950 2965
1530 3379
407 3599
222 1938
2699 4231
678 4621
2779 4166
3078 3414
338 2536
894 1218
420 1827
3730 4258
2160 3893
2154 3739
1524 2900
4467 4840
1139 2481
3991 4698
1029 2408
1454 1638
702 4103
229 2923
2454 3128
1452 4678
103 1129
1036 3790
499 3960
2100 3644
521 4524
1595 2448
1181 3429
1611 2113
1084 1120
3302 3854
741 2460
2 1010
1006 4365
1051 2650
1381 1862
469 1821
801 3828
293 3865
3173 3620
2317 4608
2631 4072
191 778
1756 1872
2333 4618
4424 4960
522 2593
138 3033
1451 3742
2384 3208
1266 4902
390 2587
1821 4338
158 4275
1810 2135
575 3316
754 2579
123 965
1590 3192
3128 4743
495 2012
3306 4085
871 2062
913 2168
2240 3442
876 2570
2653 4589
402 3507
1471 3986
1876 3564
528 1524
827 2887
642 4343
2863 3261
831 2395
2423 3628
2288 2687
885 3346
1798 3670
2037 4587
2439 2591
4785 4864
158 1521
388 4673
2598 4350
841 3585
960 4307
644 3738
2611 4109
2758 3388
3386 4038
3979 4168
3954 4075
1092 3423
886 1945
723 1594
4257 4850
422 2771
2644 4602
3061 4859
922 3488
2554 3745
4168 4471
1410 3271
1747 3871
2238 4299
2243 2462
3858 3954
555 1925
398 1174
735 3168
2186 4462
2500 3740
3485 3537
842 2926
183 824
437 3831
256 538
654 2291
1860 4559
2974 3021
157 2533
648 1335
3772 4512
844 4490
3014 4922
3393 4769
2321 2906
1634 1684
547 4407
2293 2527
584 4793
182 1979
1526 3412
1243 4089
2143 3780
832 4425
821 2844
2183 2528
2798 3894
510 2507
3725 4361
571 1025
1395 2137
4201 4981
1904 4748
358 3598
67 1944
1246 2048
1420 3524
2117 2150
1712 1974
631 1868
2406 2537
4387 4907
461 1732
2996 3702
648 2232
76 2489
2008 4869
4611 4952
2001 3997
1773 2191
326 568
2237 2316
1820 4688
851 4856
278 3047
2608 3006
2543 4002
2463 3862
661 4662
2832 3102
936 3584
612 1670
719 1326
1223 1839
973 4193
3023 4283
3532 4994
2537 2624
1404 1507
667 2954
231 4949
157 4926
710 1757
1307 4472
1395 2869
3761 4486
953 1410
1045 3461
537 3298
3194 3337
1179 4186
4322 4636
1741 2976
864 4877
2643 4865
3245 4362
3528 3570
2057 4719
1121 3776
4519 4699
1384 4040
406 3043
3782 4223
4088 4412
1720 2120
1169 4307
917 1360
2092 4754
3010 4889
2162 2882
46 1676
332 2097
450 1150
2736 4408
2122 4493
1874 3720
2119 3902
24 4957
1830 4073
551 2938
1764 4295
738 4519
575 4559
3572 4959
506 3786
1341 2619
72 3126
2720 4651
1259 2296
381 2424
109 1493
1587 4607
2224 3759
61 4443
1801 3408
485 1307
1405 4291
1069 1289
3499 4516
1034 3786
514 3372
2200 4659
1558 4589
1998 4504
3969 4595
859 2674
175 4342
447 3025
1720 4121
1275 2276
2494 3286
358 1953
2264 3830
520 2188
1629 4245
275 2739
222 4793
814 1096
1871 2145
717 1149
446 4470
1586 3002
3175 4012
853 1578
4219 4645
929 1958
1841 4392
565 3008
145 1399
3319 3447
943 3115
3313 3587
271 1561
1065 2145
1524 1709
607 2241
3453 3968
1181 2069
2635 3137
820 1954
2723 3683
2260 3865
0 568
375 1957
3540 4641
220 3806
2942 3101
809 3201
2061 4317
2146 3899
390 4122
1666 3707
459 1990
496 4374
1023 2770
342 1320
1545 4131
624 3521
2528 4506
186 3867
2690 3611
1776 3206
259 2521
3000 3341
1 3344
538 2102
618 3675
4542 4805
3217 3804
701 1313
3081 3644
2863 3847
325 3750
2049 3748
1116 4804
1019 2626
348 3549
1039 2624
2555 3770
660 4422
984 3378
614 4042
2927 3407
180 680
203 3406
2327 3262
2720 4650
4327 4722
768 4129
2873 3985
229 2446
1360 2040
3999 4334
1234 4272
3603 4108
2078 2454
1808 2393
3572 4513
424 1917
427 2400
2994 3615
3836 4282
2893 4202
2064 3635
528 3671
708 2512
195 1155
2179 3847
3179 4302
3268 4228
3331 4313
2445 2717
819 3615
3073 4606
764 1848
2217 2342
3852 4682
923 3091
1097 2836
2181 4458
4135 4560
3646 4444
1272 2943
492 1780
2143 3001
2126 3160
142 2028
751 2799
2010 3682
378 2401
1114 4406
4063 4655
3235 3305
1359 3076
564 4018
1693 4717
2759 4895
1600 3655
1486 3096
2692 4410
2098 3588
2278 4911
1915 3678
2853 3259
913 3380
19 1342
1690 1974
1950 3146
292 4539
188 4005
632 837
1329 2689
77 3431
3016 4070
834 1496
1154 2948
786 4224
742 2698
1496 3073
2422 4562
4394 4708
556 1665
2469 3177
3797 4977
154 4885
760 2687
247 839
466 1803
3288 4365
3781 4268
2092 4354
1645 2230
4223 4852
1769 3835
1897 3698
1796 1866
1111 1455
4236 4819
433 891
3149 3221
1845 3605
1191 4300
4580 4986
1625 2380
1256 1834
1043 4697
4926 4988
1112 4543
2244 3772
2406 2848
237 3841
4018 4416
624 3988
4517 4741
542 4249
987 2281
563 1946
3700 4406
1252 1353
2207 3785
2949 3746
1237 2012
3648 3785
159 1903
1442 3040
3 3151
3851 4168
1510 1601
554 4658
2897 3597
2129 4978
1730 3604
32 521
2250 4888
2250 3951
1661 2300
1598 2511
2748 3216
4001 4215
4616 4652
1487 3839
2608 2711
683 4724
2770 2914
3285 4174
476 2713
657 2350
12 4780
695 4964
956 1496
3607 4646
171 2061
2079 3345
419 1051
2409 2959
1797 2157
3345 3540
543 1215
1532 2277
1526 1865
310 926
2765 3548
1122 2936
243 1364
2116 2373
1956 4176
4529 4933
586 4038
1879 3937
1898 3860
987 3550
3381 3639
2049 2215
1234 3642
672 3850
463 1543
2530 3692
1487 3445
865 3857
1672 4089
633 1387
1899 4007
1633 4380
804 2876
2218 3444
1974 2264
936 4163
830 1662
1610 4564
163 3475
2427 3981
1029 2463
2077 2689
3626 3911
639 1941
420 1695
1698 4108
2280 3564
2439 4082
3535 3695
134 340
2813 4510
2302 4088
926 3100
111 2696
1157 1247
1985 3868
261 686
1867 3281
427 3351
835 3223
1659 2499
675 872
870 4571
1498 2864
1513 3883
3008 3151
2038 3419
581 3139
4101 4185
3646 4532
1466 2372
3437 3972
347 1977
1676 4436
64 2264
1438 2191
2761 4591
4410 4611
2732 4021
3117 4663
2002 2115
18 1626
2975 4695
2914 4273
2957 3834
3731 4883
1022 2358
1798 4098
90 1766
1501 1611
435 1569
187 2594
403 3361
771 3884
966 4448
3294 4639
394 4406
328 4666
328 2151
1691 4390
2408 4866
249 1099
281 450
2833 4091
471 4886
2830 4996
254 2167
466 2045
1933 3607
386 2466
3956 4912
1261 1549
222 4362
2264 3685
706 1341
2344 4199
3003 3362
206 3193
396 3003
256 828
150 1604
1982 2568
3848 4493
1042 2670
4212 4450
1915 4410
1782 4361
458 3998
709 4583
1161 4679
721 3212
2213 4166
2041 2386
3251 3426
3864 4630
2466 2943
1137 1871
2422 4057
140 529
1971 3748
88 982
1495 2002
117 1651
2531 3566
4338 4506
135 4127
2401 4809
1270 4938
3138 4937
2912 3173
635 1306
396 4666
1617 4363
679 1011
4041 4225
2520 4328
1046 4921
968 3847
2278 2918
2256 4782
272 2547
2987 4032
104 730
1774 4983
1425 3104
1596 2391
2815 2908
73 1723
346 1588
561 3098
2347 2577
2071 2668
2504 3359
423 2681
3041 4210
1067 2905
3807 3882
3647 4148
1824 2035
1127 2586
816 4663
2421 4015
637 3925
2301 4026
761 4784
1053 3650
353 1984
564 1130
2656 4837
1804 4382
3387 4172
3269 3707
845 4110
2509 4323
1337 2612
1537 4748
1246 1525
512 3605
4232 4492
1164 1464
107 1865
394 2066
954 3491
603 3021
1096 3762
2648 4474
1863 3512
1081 1134
2321 4618
4820 4953
1401 3310
948 3085
203 4051
874 4325
3646 4858
821 4248
2692 4066
2700 4283
2428 4939
2175 2518
2466 3153
2513 4738
1356 3880
3425 4009
2568 3738
4007 4545
1003 3839
2400 3137
868 2644
1246 2608
53 3257
280 3763
1796 3864
583 4773
3398 3648
337 4716
1846 3829
2826 3178
1216 4856
265 4491
3987 4974
1723 1803
4403 4931
39 4539
1753 3858
2886 3513
3115 4080
716 4019
2633 4782
1518 2600
2241 4213
3121 4449
2366 2631
1074 4671
749 4876
1496 1580
4458 4595
3165 4586
3662 4970
3348 3525
1088 4712
476 1631
378 1625
1867 4005
2418 3364
602 2388
2435 4139
1845 2599
539 4237
2739 4835
1170 4432
5 656
562 880
957 2148
1630 2875
2422 4399
1471 3074
976 3982
2088 2624
1829 4346
1016 1915
3091 4680
589 3070
745 3414
3614 4759
1713 1818
1780 4036
3509 4952
1467 3783
40 65
28 2082
404 4491
3453 3574
1195 2664
3868 4764
118 1849
2788 3412
94 2643
1510 2176
1488 3027
2015 3513
3865 4767
3196 3565
548 1128
1742 3160
2996 4609
2278 4709
873 2656
968 4279
1049 1864
3048 4996
555 4184
670 3518
1112 4152
2096 2377
1614 3880
200 1227
1938 2839
1251 3301
197 1876
247 669
2291 2753
914 4192
2709 3042
1764 2799
1050 1254
1611 2092
138 3054
1876 3604
3277 4840
2262 3740
2162 3140
2007 3296
2669 3625
1100 2955
1259 2048
922 1732
2481 3474
2482 3771
1649 2413
3074 4388
1105 1496
1239 3699
1344 3580
619 1869
395 1730
946 3584
1621 3532
2487 3256
183 903
2105 4672
259 3999
1622 4712
348 1748
948 2931
2392 3406
3326 3649
1493 3161
929 3641
658 4167
2063 3072
465 2182
833 4032
2234 4343
1649 4678
4158 4562
2763 3792
4685 4810
190 3427
2522 3036
670 2780
159 1029
4069 4590
1026 2247
686 3528
383 2143
2068 2615
1180 3539
549 1781
2151 2920
2548 3425
3493 4606
3484 4165
1127 3701
1275 2390
736 1396
632 1273
512 3630
2732 3802
2268 3985
876 3691
4083 4845
187 1667
95 3207
408 3742
8 1274
1524 3432
209 2889
768 1223
3930 4444
1180 4415
616 874
1303 2053
1906 2300
664 2574
1504 4989
259 3484
3226 4968
1775 4558
479 2648
1362 2216
111 4008
2234 4702
2094 2591
2608 4777
1101 2022
1215 4314
895 2914
2257 2595
219 3487
2503 3096
1607 2571
1703 2030
681 4543
670 870
1671 4415
2858 3209
795 2323
733 1815
1172 1266
1408 1750
459 1711
3438 4023
2351 2362
102 3461
19 4000
1140 4201
224 933
4832 4962
2367 3118
331 1143
2112 4816
2602 4567
2878 4574
1132 3229
3066 4785
3413 4709
937 2600
553 4839
532 4345
976 3453
2717 2778
791 1870
1268 3431
2691 4598
4091 4153
1062 1218
3572 4786
2984 3254
2561 4040
656 841
911 1059
1491 3630
265 2018
149 3247
571 1135
1411 4440
2515 2982
3683 4740
923 2034
1638 1871
620 4241
3495 4494
2953 3141
836 3027
527 4808
926 3281
1108 4648
2715 3493
3470 3502
2886 4767
1131 3283
2075 4703
3650 3704
2496 4168
119 1765
537 4828
532 4118
1528 3559
284 994
2232 2332
1912 2166
4277 4590
1870 2772
390 4593
1641 1811
434 1130
2524 4370
69 2275
752 873
1407 4582
404 3558
19 2426
3570 4865
2240 3837
2759 4783
1966 3090
2930 3750
1944 2563
3638 4581
427 1301
1908 4119
2221 3769
863 1632
352 1068
1358 2382
4307 4526
2580 4946
1485 2979
748 1484
1784 2996
926 1339
1864 4614
2377 2627
649 1314
3294 3888
2221 4052
292 850
2742 2950
679 2816
2513 3675
3715 4082
46 1418
2634 4730
2769 3695
3766 4092
174 229
2699 3682
1305 3851
3041 3384
660 2027
1261 4705
107 3388
209 2661
182 1929
465 4561
2047 2542
1486 2495
931 1993
1611 4498
723 1735
125 3829
1138 3412
1850 2379
1347 1579
1403 3193
321 2266
4153 4371
2487 3305
252 2763
2072 4179
819 1656
1889 3104
2228 3165
212 2241
2690 4507
1636 4524
198 3091
3715 4393
1129 2540
3266 4907
785 3665
1402 1710
1361 4086
3049 4390
3334 3984
95 2738
3272 4387
2924 4558
100 3868
687 1268
2363 4691
60 2215
2123 4401
299 1028
337 476
761 4130
3161 4566
341 1834
2671 4350
1548 2548
3664 4086
2639 3344
32 4427
2096 2143
2933 4895
2097 2255
3772 4927
302 4824
1742 2918
310 751
3516 3871
1331 1849
1278 4071
3470 4636
2384 4312
1968 4219
1402 3229
347 4891
1366 4239
488 3430
1843 4239
72 4147
2255 4879
3088 3580
659 2066
325 2951
3915 4604
85 472
1662 4457
2559 4204
750 1698
3038 3802
749 2309
1710 1752
710 2628
3799 4742
3838 4433
2633 4903
1249 3415
1313 2196
3452 3969
1097 3418
19 807
3418 4908
702 2408
2235 2975
3975 4485
2476 3387
301 4564
1587 1882
449 3315
2150 2189
652 2692
3947 4646
1904 2294
2054 3613
1756 4477
2374 3134
1354 2900
650 1245
3980 4833
435 687
2918 4291
253 3874
2919 3227
2503 4882
2722 3717
2461 4867
428 1718
964 1318
2648 2890
247 722
2209 4142
2853 4885
2499 4798
968 2003
3946 4224
47 966
2476 3679
455 1865
1902 3970
739 2269
2342 2495
187 4925
880 4617
3230 3934
195 518
264 2357
1365 3873
984 1464
227 3814
2879 3629
2412 3251
1582 3907
220 2393
3806 4096
3389 4948
1859 1896
2978 3777
4837 4905
1222 4448
945 3411
829 3081
1828 2894
720 2063
99 1549
4098 4888
970 1745
810 4875
2479 4909
1 798
1135 1615
1323 4397
913 4546
1613 2792
3074 4727
1820 4446
742 2814
2024 2413
7 3085
162 1484
3978 4301
3232 3440
1749 4262
1795 4871
1456 4364
731 2725
1909 1970
1642 1989
940 2744
460 4241
1988 4463
2328 4896
1035 2271
3428 4241
1925 2169
392 1131
546 4241
2107 4718
1682 3801
2594 4130
1591 1919
791 2367
2321 4785
781 2360
1349 3875
7 3088
2508 4029
1574 2095
287 1892
4437 4791
4467 4889
279 2280
964 2861
3404 4430
357 4657
12 4282
1487 4167
552 1573
3072 4274
2913 4531
4059 4896
762 3313
1102 3754
3755 3983
1103 2379
475 1348
1756 2482
1161 1667
1319 3033
1316 1479
1403 1814
612 644
1118 2249
2516 3043
1257 1593
1383 4979
2089 3857
93 3813
192 394
579 2997
4246 4798
3715 4371
564 1116
2437 2451
246 3472
868 4503
970 4241
528 2430
1442 3016
223 2919
2439 3801
965 2714
377 541
6 3845
569 4857
464 4235
3558 4020
3742 4215
3059 4808
211 3810
1556 3353
2294 4114
526 3749
792 3425
653 2947
1962 3500
4192 4558
870 4017
672 4151
33 1313
2635 4884
403 3443
612 3664
2382 3102
3612 3893
978 3638
387 2950
2349 3115
611 4591
841 3172
2764 3628
2063 4157
715 2580
67 176
1584 2592
3494 4996
504 695
4319 4999
1387 3383
1824 3227
1530 1949
2252 4715
281 1519
811 3081
3644 3765
1748 4604
1595 1652
443 1295
853 952
2849 4117
221 2213
2667 2678
425 2924
830 2054
217 2914
2194 3881
1680 4921
3980 4175
671 2105
644 2936
813 4993
1013 2954
1764 4352
2010 2637
211 3258
1684 2416
2697 2940
3919 4813
396 4509
2241 4000
1511 4986
1117 2472
140 4446
2881 4662
116 3867
2042 4839
432 562
3695 4007
147 287
552 2831
4639 4687
1518 4663
1884 4339
533 717
1486 2689
147 858
1745 3774
1409 2779
3191 4558
2283 3019
685 2401
958 2827
2502 4704
1757 3051
820 2801
3216 3846
202 1458
3220 4948
2251 4212
4362 4719
117 237
2039 2416
1230 3366
2404 3999
2650 4037
2012 2449
156 4490
1207 4988
4540 4668
3903 4873
390 2270
3704 4673
3159 3853
3187 3693
602 2330
945 3277
260 2416
836 2616
966 2631
236 2972
3587 3752
457 2740
913 2079
569 3939
1550 3854
544 3508
4091 4986
677 3165
822 2097
1381 2688
1982 4221
3897 4603
3520 3555
1889 2338
1247 3306
795 1697
2039 4897
2097 3325
2547 3072
2762 4969
2475 3703
1881 3632
138 4086
1997 3452
2738 4996
3427 4540
2642 3713
628 2624
1001 3954
1081 2121
516 1397
810 4869
121 494
1011 3103
2623 3974
4208 4929
1045 2274
4395 4851
2870 4322
1315 1931
758 4989
710 3784
172 2046
1247 2900
693 3708
1317 1697
624 2218
2356 2744
1327 2561
3488 3753
1861 3714
1232 4952
4080 4123
1330 4477
445 2082
775 1720
1958 3478
558 2132
1404 3937
2054 4661
251 4139
1350 3174
1785 4259
1023 3181
392 2839
1772 2580
1459 4103
72 4016
1510 3609
1678 1775
782 3524
1633 3700
1608 1648
2866 3652
1667 1915
27 905
2332 2945
386 478
396 2110
224 2600
3655 4891
1486 4059
2324 3984
2419 2641
233 248
669 1660
229 3723
1379 4017
2078 2513
281 4150
3183 3237
3179 3873
3322 4445
64 3081
1792 3874
1847 2881
2335 2563
828 2562
4064 4321
766 2666
3104 4709
2369 2380
643 2904
1114 4832
574 1733
2326 3165
88 1890
321 2983
966 1012
553 4203
1590 1604
1546 1781
2435 3317
3677 4986
1645 2492
1130 3288
2566 4309
2512 3896
198 4615
1775 3659
1462 3618
223 3146
1826 3701
732 3675
1472 2688
322 4959
1984 4177
3701 4976
684 873
2719 3372
3210 4205
280 4792
131 621
445 1024
352 2036
2045 3154
1051 3725
2781 4671
883 3487
4342 4404
2110 3288
2626 3705
442 2323
1285 1360
4276 4908
821 1999
1235 3136
1715 4037
1264 2743
3872 3945
1413 2714
1607 3331
4484 4878
1746 4856
1074 1402
533 546
687 1700
2185 4492
3266 4462
899 3259
431 2673
3817 4526
960 1292
2616 3797
68 1733
1144 3125
72 799
372 3373
533 1107
1727 3229
873 3560
226 2032
2075 2316
2521 4452
1964 4426
2581 3332
727 791
201 2709
2980 3332
1376 1899
2817 2966
1152 3362
734 2364
2313 3046
2527 3477
1382 4459
1219 3757
849 4525
1733 4756
2644 4856
221 4372
1287 1669
2191 4833
886 1921
2861 4410
1227 4709
393 2869
12 427
2014 3443
1301 3664
1844 2857
2522 4866
1200 2757
3665 4262
4820 4985
574 4827
1720 2282
493 4406
840 3396
1610 4995
2884 4449
323 952
35 229
4090 4678
3572 4664
1715 3624
393 3655
3777 4117
2258 3547
3067 4031
804 1417
225 3648
2450 3880
1877 4896
2743 4323
3098 4982
2299 4584
1690 2609
362 971
4208 4716
3030 4411
335 4251
1634 4040
1490 4302
806 4463
566 1854
3807 4424
380 4150
963 2207
2730 3092
3400 4862
1448 3100
740 4840
2558 4640
2805 4492
485 744
4114 4916
2427 2947
215 2449
1050 3699
583 4577
1163 2949
3383 4349
1932 4835
255 1019
1263 2808
1718 3049
376 3245
97 4957
3965 4383
70 3343
2044 4213
807 2533
3857 4860
2242 3904
3285 3358
1097 1258
485 3846
116 4195
452 3957
2362 4769
884 2813
1387 1527
509 1220
4255 4381
1207 2787
1002 2815
1093 2497
1493 4603
2650 4755
1392 3606
2116 3015
1300 1503
1789 3499
171 1732
242 3265
34 1916
300 2424
483 4162
620 2334
98 722
186 2973
738 2596
2891 3334
563 2902
761 3718
1620 1800
333 4400
567 4952
2244 3756
1527 2393
152 4890
2347 3640
793 4713
2537 4249
3479 4610
1089 3712
978 3478
4779 4857
1514 4306
278 2929
1248 3439
3691 4393
135 1764
661 956
1415 3273
2576 2990
955 1685
1319 2110
2448 3048
923 1334
2795 4697
1549 2499
1027 1077
625 2549
564 3641
558 1638
3112 3356
660 1242
2475 4077
753 2575
513 2920
68 4286
300 1624
847 3879
280 3909
1900 4883
3121 4492
336 993
757 2620
1974 3287
4347 4952
1550 2271
1599 3832
2329 3819
1390 3272
3283 3419
1650 3242
3502 4814
822 4092
807 3350
1591 2600
128 505
510 683
648 3120
1079 1789
1504 1574
1302 4977
2677 4185
1204 2041
1543 1597
627 2858
1508 4422
4094 4322
2032 4809
1911 3384
989 3107
352 1157
3051 3899
345 4155
1737 4220
1587 2525
23 4072
3646 4951
2206 4107
2624 4175
1287 4985
735 2973
1449 4975
1680 4906
4078 4278
2006 2778
1817 3740
1664 4357
2471 4652
15 4110
1902 3118
3163 4198
189 1288
448 506
637 3982
1979 4373
2879 3750
76 735
596 3315
2663 4365
627 3541
2067 2621
500 1773
1708 2408
652 3448
152 4467
2611 3079
3754 4803
1668 2120
592 2149
1690 4363
1948 3178
1848 2009
502 920
1154 1205
74 4595
4338 4658
1215 3818
1279 3614
2878 4616
2031 4686
222 3621
2054 3984
3804 4184
1203 1860
1914 3835
1417 4118
86 4053
2432 4920
2397 2598
320 476
2410 4520
4294 4711
2727 4666
852 2383
1479 2740
3813 4463
941 1403
789 4407
1621 4724
85 4954
657 1300
121 4647
412 4806
797 2493
820 1339
2046 4376
1060 4460
1813 4813
139 2712
307 4870
1116 1521
435 3106
144 4627
370 732
1365 1616
3643 4327
661 1135
2861 4465
4019 4390
1182 2640
2215 2733
4679 4929
2311 2720
1880 2777
1830 4341
2747 3612
3105 3131
830 4647
372 2351
630 4141
1684 3938
3534 4723
1977 3169
2765 2850
1986 4574
2349 2504
858 3410
378 3118
927 1842
1332 4259
804 855
125 4570
4243 4781
325 3585
850 3195
1933 2796
270 2170
249 2999
825 3933
2336 3583
945 4044
3781 4459
1624 3031
2190 3265
3950 4699
2172 2776
2009 3665
287 1983
209 3013
27 3958
1188 2678
3327 3832
2827 3112
554 4270
2147 2247
192 4706
751 3528
3332 4959
285 980
1791 4107
2161 3526
1508 2511
2165 4843
692 1717
364 4374
3085 4430
2551 4606
412 2001
508 649
3663 4403
1269 1338
1799 4103
2163 4578
555 1540
3440 4785
1372 3728
2040 4821
2691 2988
1081 1750
79 477
825 859
63 4478
2229 4951
1846 4928
3875 4133
3067 4182
3249 4300
2635 2689
1514 4502
2335 3407
1154 1927
1268 4115
1973 4066
1914 2378
512 3782
1890 4262
21 2963
2497 3648
591 4878
1018 2019
1933 2084
1121 4297
810 3129
2093 3478
3055 3225
867 1831
1062 4105
963 1574
36 927
90 3823
1320 4008
581 2805
1693 3060
1999 4561
4623 4761
2536 2715
61 2817
67 4292
757 1829
811 3769
3369 4119
124 2881
1704 2231
1663 1972
2091 4772
670 3235
1087 2894
1625 4360
655 2422
1374 1710
153 2498
1095 2391
1872 3005
1834 3351
1395 4282
4226 4732
2559 3829
3179 4874
3283 3604
817 3168
4876 4947
2224 4099
2700 4718
20 4258
2922 3616
288 1879
600 628
2352 4323
483 2014
3639 4884
1857 2118
472 1537
11 2210
3741 4556
1164 4233
1627 3648
1697 1782
217 2712
2044 4914
106 3138
2576 2687
204 2736
2170 2255
938 3741
2306 4961
3292 3343
896 4279
201 1794
3321 3659
1805 3201
1331 2032
1847 2716
2875 3758
4263 4857
2779 4665
4347 4619
1220 3757
1763 4144
2094 2506
1074 4088
630 2349
2262 2280
1305 2179
3233 3992
1045 4479
3902 4823
4489 4742
446 3238
73 3917
3439 4603
315 4247
3644 3887
263 703
2883 3088
2684 2762
349 2294
1004 2516
312 1939
1701 1986
1557 4910
1 1205
1155 1744
4196 4513
1508 3684
3968 4915
3194 3339
3156 4332
2695 4509
3423 4143
271 4205
2643 3641
2834 2843
64 2460
1027 2645
273 4085
113 4125
2133 2767
2711 3793
1321 4356
1722 1852
3634 4976
3779 4904
4234 4575
2966 3320
1536 4264
4068 4735
3680 3695
2383 4337
365 2356
4060 4154
1060 4369
1970 4437
1757 3494
525 1707
268 1330
3316 4078
1840 2684
329 1969
581 3387
3077 4876
3167 4455
656 3943
284 893
41 3050
1434 4033
350 1192
1751 2926
126 3443
1323 2553
145 1407
3558 4053
3846 4620
1646 2395
1461 1970
1278 4053
1438 3494
1546 4912
1051 3553
1104 2944
1886 2122
406 4826
1158 4069
29 4308
3062 3773
2821 3334
4069 4083
1968 4726
151 1398
1654 2139
2384 4178
106 2650
1936 4165
366 879
2342 3222
221 3406
3276 3342
2135 4696
123 2907
376 963
2825 4492
2061 2394
2041 2880
2391 3957
4433 4553
3672 4877
3446 4857
3121 4803
2614 3167
1552 1687
2648 2707
1647 3006
496 3395
1788 2014
2143 3457
2477 2500
1194 4780
1393 2488
582 992
606 3025
1968 3226
881 4153
1144 4097
2004 3540
873 2227
1440 3731
2649 3415
2970 3669
545 924
2310 2634
3901 4732
1823 3923
1515 4072
2482 3679
1495 4009
1451 1985
2947 3305
2845 4727
294 4712
3813 4530
3001 4234
988 3033
1183 1655
488 1102
6 2926
1792 1804
775 874
2628 4920
1350 3735
3765 3993
1916 3478
129 2313
495 1228
81 4191
560 4911
3589 4261
2195 3585
1902 3179
3064 4211
2136 2764
767 4747
3602 3983
1639 1715
1115 3966
908 1363
3352 4399
281 4345
316 618
1803 4419
75 397
3569 4672
155 4326
1232 3008
2188 4131
88 1833
3452 4158
2102 3612
1338 3014
2684 2841
758 2978
369 424
974 1172
688 2545
651 864
202 1350
2208 4335
1852 2386
1391 2405
2596 3819
443 1742
863 1127
381 2193
768 4169
2441 4011
1308 3127
859 3071
3302 4538
181 3524
448 2486
2470 3896
91 4383
438 2567
216 4451
271 3789
4512 4590
2911 4653
134 1338
692 3502
1823 2363
1988 4269
646 2238
192 3680
1225 2959
2144 3899
2582 4094
217 668
2951 4458
4266 4353
465 822
2311 3665
53 2005
1388 4424
1025 3342
2799 3409
1403 2621
4128 4839
1517 3407
3266 4476
3269 3414
832 2494
2567 4539
31 1493
1334 4500
1427 3721
2415 4189
690 1236
162 510
5 2626
1158 1253
2070 4481
1817 4813
296 853
467 2326
400 1238
2332 2364
4161 4267
691 802
240 2179
895 3309
2573 2750
76 1310
863 1020
638 4664
437 3895
1719 3748
2063 2325
2183 3012
1591 2575
1904 3254
210 3218
3182 4463
2087 3402
820 3366
1398 4142
2305 2985
606 1563
2090 4787
482 712
4143 4420
632 2153
1874 4309
676 1895
1674 2523
1771 2081
239 3111
1972 2874
372 623
1993 2090
420 932
579 2596
3132 4027
3329 3683
1195 2816
2567 3181
3426 4006
3336 4334
24 3852
1283 2319
994 2391
1734 3076
1016 1576
2125 2638
3677 4834
806 2452
447 1392
1847 2116
985 3566
358 1613
2244 3337
338 2417
1475 2172
153 2494
368 724
1817 2743
3058 4252
403 2892
689 3665
1919 4133
2050 4290
118 1792
1753 3982
1150 4473
475 3100
717 4122
1494 4796
1862 3012
168 790
1283 1750
1824 1835
2295 4906
3020 3530
1446 4422
767 4590
768 920
1155 4606
3832 4171
2585 3349
402 3774
1183 4789
2993 4482
113 1011
1626 3996
987 1892
2360 4595
2371 3492
590 1862
70 4476
45 4455
243 760
383 3250
2585 2861
617 4464
3436 4641
57 3525
2623 4998
31 2455
464 2381
781 2062
3885 3911
4644 4816
81 2358
2985 4657
2596 3540
195 4758
498 2786
2461 2530
4451 4617
225 3834
625 4473
448 3932
4696 4883
205 1139
1168 2029
962 2796
4633 4951
1327 1683
1520 4389
1220 4399
3761 3775
514 1709
1026 1737
654 2752
288 497
208 3985
3234 4936
1937 3297
1111 1968
400 3018
505 4456
207 486
841 2684
509 4205
395 3311
1107 2953
516 1835
2452 4407
4380 4598
1803 2164
680 4661
3273 3875
2854 4799
1215 4514
1175 2550
1508 2304
3825 4637
25 555
1824 3491
2390 4681
1106 4965
3750 4693
363 3512
447 1353
2929 4236
942 3419
1075 2178
2776 4071
2416 4817
715 832
130 3976
890 2086
1260 3433
2912 4674
2018 4222
1565 3317
1146 4554
1713 3498
1313 3090
130 4596
2086 3763
582 4925
4225 4647
514 4605
306 2214
780 4291
2231 2856
1850 4159
769 867
1588 3887
2420 2451
1920 4651
1500 2967
2256 2297
1308 2809
588 4547
457 1436
2042 3303
898 3115
2712 4511
884 4969
1675 2886
1248 2296
2452 3233
2594 3501
610 2945
1256 4732
1671 1912
837 2997
279 1299
3073 4144
2097 4980
1646 3585
13 2338
3021 3711
4338 4886
2424 3238
3054 3817
193 4356
707 2244
1088 2320
575 1181
2122 3168
498 2283
1283 2252
195 4029
135 936
3270 4696
2172 4391
432 3944
1933 3497
2895 4448
780 2002
2161 4971
3931 4659
58 103
1363 4423
1959 1974
838 2148
72 2289
628 3810
1425 4396
1017 4567
129 4046
2400 3583
2261 4218
1995 4647
346 2732
1643 3139
650 2959
3692 3928
986 2653
911 3695
1444 2960
1377 1621
1252 1266
4935 4982
1422 4496
3718 4260
2313 3855
2058 3263
1565 3252
1215 4123
2669 4939
1646 4455
118 1641
855 1178
3608 4027
671 1277
2744 3013
1059 3626
2476 3226
1623 3894
228 2539
3259 4733
2394 4003
1270 4121
660 3438
271 4220
4551 4740
2157 2845
421 2078
918 1367
1203 3948
2726 3483
1550 3607
3538 4934
2609 3776
2375 3323
497 967
2994 4010
876 4557
1930 2031
2180 2247
2964 4962
991 1858
2985 3801
3232 4434
3396 3915
590 3827
1591 2106
3016 3244
1033 4757
660 4746
4123 4794
770 1555
1433 4218
388 1699
418 2941
2137 3199
932 940
3016 4011
3365 4431
3912 4374
773 1448
1332 1749
257 2059
65 4006
999 3922
2037 4375
0 3798
519 4714
263 1058
3485 3534
3359 3543
143 1129
394 4741
48 184
1726 4003
773 4781
1311 2427
17 1095
3063 3275
2407 3662
3469 3698
1485 4852
27 3447
2450 3240
3518 4318
1829 2014
1427 2279
1558 2746
3512 3866
86 421
2160 3538
374 4870
2212 3507
309 4100
4427 4935
917 3910
1542 3048
223 882
1081 1787
3841 3862
3954 4732
1958 3567
774 4045
912 4315
2274 3286
3687 4900
490 1753
4142 4932
2202 3590
2402 3765
219 686
1060 1937
2061 4802
296 3511
849 3554
402 1281
57 3524
248 3980
385 3636
3512 4759
934 1827
2084 2326
2515 3133
345 3034
1571 3501
40 4035
1060 4396
611 4891
168 3780
2618 3958
2054 4250
93 409
618 4759
607 973
1822 4706
31 3853
2879 3879
327 4022
103 4943
1468 4944
951 4899
3162 4142
2821 3324
1201 4086
739 3922
1112 3595
3448 3668
2256 4053
267 1964
3256 3520
1808 3944
623 1947
2776 2958
582 4191
2370 4754
57 4405
713 4373
3759 4710
1177 3441
2997 4815
1974 4184
3531 4222
1199 2866
1960 2961
1973 3205
1021 1435
2004 2574
3559 4766
993 3415
128 3795
1061 4021
3662 3785
679 3133
2790 3213
2502 4562
1587 2626
1630 3591
2180 4750
1842 2459
2465 4086
3702 4752
1434 3219
3611 4970
2060 3166
935 4528
1894 2865
1309 3793
2353 4701
2679 3174
20 1921
930 3726
700 4388
4221 4257
3930 4585
2928 3239
2127 2972
774 1470
4431 4894
1190 3344
1392 3401
94 535
1036 2692
568 3220
4368 4865
1397 3745
1393 4095
128 4448
1738 4080
3063 3712
3820 4708
1603 3392
1329 2199
659 4583
226 3095
909 1151
202 1679
398 2949
167 837
1779 2006
3279 3900
4826 4905
3899 4796
1096 2555
2259 2688
901 3769
257 2800
61 3747
1175 3644
3163 3700
3265 3579
306 804
967 3829
43 2556
614 2662
3101 3972
3185 3355
3001 4770
296 1711
1164 1514
1360 4904
776 821
2470 4956
626 4870
173 991
2767 3979
1112 1174
1656 2996
1723 2171
3516 4779
1053 2869
153 3021
875 2153
1370 2111
1394 3409
507 2647
810 859
1104 4461
1762 2600
3571 4900
196 2870
1869 4575
3134 4601
1113 1579
1856 4029
980 4675
1841 2291
850 2340
468 3312
430 4503
2995 4761
1364 2347
120 1968
1541 2250
3344 3599
1661 1842
488 1930
1423 4156
549 1643
1512 1541
2325 3392
939 2956
1198 1937
922 4715
1452 2611
1490 3592
1947 2878
2569 2881
739 1283
2761 4151
3071 4067
1904 2544
1084 1435
232 2156
2294 2946
536 2078
2773 4852
339 3118
2258 4873
1584 3517
1230 2827
4380 4397
3426 3480
1055 3537
382 4422
1776 3803
2526 3758
181 3787
2298 3286
419 3110
1544 3617
1045 2283
179 4485
79 3045
2724 4429
2599 2793
256 4332
2369 4442
576 3856
50 695
1204 3766
1011 3581
848 4541
1714 2658
396 1912
492 4715
280 827
2039 4187
3733 3785
1065 2600
3285 3331
1961 4412
1765 2592
1102 3674
2676 4024
274 4703
229 3359
30 4783
2668 4190
1047 3789
477 590
4540 4854
1709 2870
2013 2094
2949 4271
1657 1959
1685 4500
2319 3676
3056 4662
873 4525
704 2178
202 1118
3823 4904
989 1610
2432 4500
1512 4972
621 3682
2205 4940
1779 2635
282 2400
1209 4841
2478 4038
1625 4289
755 1934
1273 2802
608 2462
860 915
19 1978
864 4026
1666 2467
2025 2792
3386 3738
1556 2514
1286 3202
3120 4993
1 1427
1291 3211
446 4174
3621 4102
2109 4931
48 2904
3761 4380
3576 3987
1316 2670
2993 4728
184 1645
2475 3307
3866 4899
291 2168
3976 4966
292 576
4468 4816
356 668
772 2116
3290 3728
196 508
1810 3150
3123 4654
2183 4138
1564 2301
1756 4464
1358 2506
1133 4105
3706 4446
990 4975
1209 3140
2363 4251
1028 4215
278 4521
2103 2786
462 2794
963 1085
2511 3534
405 2506
3785 4271
1477 4466
4496 4772
164 2623
743 1894
2194 2627
1148 2534
2712 4822
1675 1851
1619 4401
510 4134
353 4944
787 4716
1689 2870
4302 4714
3205 4576
1510 3528
1538 2088
1707 3679
1252 1644
115 689
108 3707
182 965
2261 4096
1263 1984
3134 3200
2028 3509
178 229
1968 2138
1641 2828
2425 2516
2567 3842
2700 4875
2509 3124
3442 3904
501 3222
3089 4202
781 3826
1818 2248
729 1119
554 693
3339 4730
975 1092
218 1056
4653 4658
113 2205
3485 3632
180 3544
3064 4601
2947 4877
745 2977
2605 4707
433 1081
2059 2597
756 4050
2622 2888
1901 1982
3568 3978
2411 2905
2375 2609
2796 3000
1271 2668
4367 4414
2044 2315
1860 4010
3928 4461
2198 3184
1119 3762
3099 4526
1305 1592
1213 4127
149 1020
263 3140
2458 2743
1747 4694
3255 3857
410 4255
3929 4249
3511 3788
1994 3875
1481 2608
4382 4495
1171 1559
2106 4944
399 3599
3764 4362
2058 2598
1800 2383
3180 3264
3753 4842
3293 3822
2128 3836
269 4933
1216 3267
370 1426
1467 4938
4590 4643
81 2023
350 3075
1568 4472
1103 3963
1595 4579
2969 3112
1245 4831
103 904
166 3794
1309 4569
985 1187
32 4984
1775 4303
2856 4251
818 4306
29 211
2556 3965
1292 1921
1626 2248
3496 3876
63 3119
1328 2271
199 4732
2422 4656
1162 1916
3441 3891
2735 3575
794 1865
204 4290
72 4411
553 3343
293 3984
2119 4767
909 4640
2899 4451
2011 3264
2020 3488
3521 3803
2867 4045
1136 3463
614 1680
2284 3151
3903 4811
2403 2595
1208 1282
1030 2783
1335 3861
1568 3652
803 2993
601 1135
2157 3522
1193 3514
56 3562
2769 4649
2083 2095
2368 4290
587 734
66 4791
1291 1879
1427 3515
1269 2443
3017 4217
1624 2658
2623 3927
1572 4711
394 3582
1202 3193
2007 3111
3404 3737
203 4848
2893 3195
207 2867
314 1951
1310 4428
1684 2989
3889 4997
179 1297
471 784
410 4671
4113 4452
2046 4133
75 4129
2238 4603
3394 4978
710 4501
2174 4924
1293 2080
916 3019
1653 4812
3201 3760
4497 4627
747 4946
2744 3536
1239 1741
924 2504
132 718
1086 4278
3383 4149
1196 4703
3074 4392
681 1878
1110 4798
2056 2676
350 1067
1159 1245
3987 4189
541 2060
51 4961
1108 1774
2024 2219
398 4400
2963 4740
215 2657
1369 2388
3509 3971
1872 4998
1940 4204
534 4784
1360 3376
2375 2655
1443 2813
521 2638
4201 4673
315 3818
1663 4200
2572 4278
216 2436
14 1811
3057 4887
1437 1739
2433 3623
4067 4973
2626 3433
2396 3275
4119 4855
1821 1923
97 1023
1838 2747
3177 3371
2540 4578
932 2022
83 1397
2442 3369
2593 4050
2070 3399
4552 4765
206 645
1793 3181
2431 3238
851 3354
167 4881
1480 4472
3928 3934
4139 4298
705 1446
2807 3375
1416 1527
290 4360
2709 3117
1585 1950
2928 4087
2543 2927
641 1107
2109 2887
631 4763
1762 2254
3160 4093
3190 3467
106 4522
225 1214
3109 4462
2267 3101
3538 4342
2516 2809
3044 3975
1981 4044
4001 4729
2871 3933
327 4707
893 4333
2737 2836
2031 2750
517 2684
3466 4188
2192 3791
2137 3556
2867 3429
2333 3657
2462 4780
557 2854
3374 4768
3533 4777
317 3007
1221 2108
460 4253
960 4712
821 3647
205 3687
229 1698
373 2861
4242 4698
1673 1923
1031 1378
293 4508
694 4356
2982 3557
476 4047
1070 1579
2391 4403
1668 2073
1091 1706
1431 4445
286 776
1809 2932
3069 3943
2434 3716
1021 4259
2148 2601
2147 4795
888 2821
2158 2887
3809 4226
2289 4504
2306 2974
3097 4613
1013 3935
1356 3396
2828 3357
924 3122
2429 4926
1807 1890
2917 3512
481 837
351 3936
191 1559
3264 4444
1107 2803
838 4520
3684 4079
3845 4692
2929 3952
1627 3028
2125 3459
1274 3739
3405 4453
3558 4573
2031 3221
755 1560
609 4894
3635 4329
2198 3938
696 2332
1186 1592
719 4429
503 2391
427 1400
473 4301
4 3149
181 2308
717 4830
276 1768
490 1868
1175 4987
2908 4224
2094 2491
354 4639
800 4635
1160 1661
3382 4930
1465 2052
2223 4267
834 2372
1340 1852
718 2309
726 4168
2935 3927
1960 2912
303 2451
992 3976
1981 2017
309 4830
1595 3215
3396 3478
1606 4513
4167 4695
943 3382
1459 2065
302 2583
2055 3602
1463 2470
1370 2825
1581 3346
53 2745
793 3424
1091 4594
4186 4672
322 3375
2259 2775
1093 1298
944 2069
2822 4475
694 1441
1244 4372
2082 4285
4160 4788
1950 4612
541 1946
2718 3022
51 4631
791 1439
499 3994
24 3696
1122 2246
3009 3546
1252 2361
1010 3042
1333 1516
136 2809
2367 4893
2603 4924
1896 3383
4403 4971
1008 1782
679 3057
2782 4526
1221 3864
451 4107
3224 3756
1312 1790
152 2851
1588 3391
3094 4536
3417 4918
4214 4405
1934 2968
2420 2613
2182 4737
2777 3126
2000 4129
376 4229
1562 3532
1573 2203
166 2359
2557 3394
568 2708
1324 4344
921 1621
943 3965
1818 4623
2961 4778
4354 4771
59 780
1265 2369
1591 2578
321 3494
2534 4832
2968 3702
1170 4761
613 3897
4636 4731
531 4081
596 3197
1368 3612
2865 4364
638 1123
139 1502
3905 4062
324 4802
3946 4079
385 1158
995 1941
2101 2152
1801 4146
1932 4689
493 1288
2491 2771
962 3379
3177 4957
557 4773
3593 3820
1791 3870
737 1218
1411 1981
1295 2127
2758 3622
1608 4930
2131 2321
812 3660
2430 2541
917 2934
1712 2939
928 1936
2647 3156
3155 3883
1581 3586
453 2686
1352 4858
1944 3921
2893 3889
2446 4454
2471 4140
2399 3709
2317 4390
996 4359
4033 4918
648 3689
4194 4809
1612 4678
827 3562
807 2354
629 1377
2098 2598
1079 2331
324 2760
2010 4081
2992 4049
556 4861
127 2756
1609 1739
3629 4095
3527 4224
2722 3537
910 4587
711 879
1197 1301
1247 2076
85 1143
2099 3558
3127 3363
424 2541
2126 2877
1082 1297
659 2104
138 673
4104 4988
699 3940
1757 2811
2211 2422
906 1537
593 3019
1378 3042
526 3714
415 4735
997 3468
736 4869
546 1210
2265 2674
1267 3258
1170 2705
3170 4397
3889 4173
2835 3029
36 4768
480 3360
379 3018
709 3295
3099 3460
861 2614
2529 4026
3142 3291
2141 2424
2658 4805
1459 4600
3568 4736
1317 4076
287 3840
2718 4095
1147 1808
1212 1289
1729 2484
2667 3175
1581 4959
3229 3618
949 4335
1777 3302
2068 2285
277 459
604 3404
984 1957
2653 4960
943 4816
636 4642
2885 3410
1555 4681
2387 3403
1566 2534
1208 2396
1302 4025
2414 4447
3455 3677
283 4737
1315 4268
1601 4677
520 3686
3743 4123
1958 2327
1345 3761
487 2153
1898 4713
2537 2607
665 1340
1015 3241
3729 4818
721 931
2785 2926
93 2226
62 1679
1351 4320
515 2714
1540 3282
1044 4560
2347 4637
4563 4761
545 2925
2397 3136
959 4674
4298 4880
87 4032
127 325
3147 4378
3080 3869
733 1979
4062 4342
621 2842
4325 4343
437 2408
244 3729
4132 4552
423 2846
146 1744
4417 4820
4222 4917
2617 4125
3278 4860
2096 3004
3666 4035
1156 4341
295 583
391 2929
649 2307
1414 4915
1534 1722
3587 4584
245 1256
2097 2139
2546 3724
992 3961
1928 2003
1206 2166
1156 3434
29 634
2353 4870
1493 4200
458 896
3461 4236
2033 4217
2178 3726
1913 4277
886 3300
537 3783
1706 3963
1483 4176
1322 2621
238 2345
3151 4335
1424 1639
3747 4872
1384 3310
1489 4357
1740 1743
1523 4301
258 426
1100 1618
1167 1515
675 4889
3617 3623
4030 4578
2900 4599
897 3582
1062 2438
2773 3253
221 4474
3553 4230
1000 4095
4107 4224
2503 4327
916 3228
1518 4357
764 2822
2388 2797
3722 4437
2954 3270
248 2956
531 615
766 2884
3079 3370
3965 4034
2159 3411
3599 4945
244 2748
1032 1216
3837 4046
467 4043
683 4065
3854 4197
4030 4300
1674 2517
1117 3318
675 3082
1361 4676
1224 3228
317 4448
3635 3739
113 3542
1924 3585
1910 2136
2337 4102
1486 4199
2241 4555
2812 2930
2730 4253
1777 3458
1014 2236
1182 3159
2140 2152
2548 4621
3289 3354
1721 2610
3280 3969
854 2375
1071 4075
2136 4097
771 976
318 1805
1254 4628
2848 3890
3114 3283
959 2118
539 1652
286 3773
630 4642
2973 4488
3367 3753
1117 3097
2988 4660
1277 1758
725 2955
838 2823
2314 2839
1576 4355
903 4568
3700 3864
1424 4829
615 3945
2662 4968
1312 4700
1429 3463
105 1434
523 1186
3688 4727
1063 2958
753 2589
530 3287
2426 4518
575 3877
517 1262
2847 3451
929 3368
808 3190
264 2132
568 1731
1743 3988
770 1547
1690 2888
1193 1963
82 4183
2223 3568
1436 2343
4720 4997
3525 4991
953 2304
2734 4126
622 3779
3143 3164
531 2704
3204 3231
2673 3940
601 1357
2011 4487
1155 2915
352 3340
3601 4821
843 1608
3719 3753
4796 4919
2846 4527
2517 2520
2751 4823
747 4851
2465 4209
3305 3338
40 1460
1051 3026
414 3779
2009 4597
331 2398
1929 3563
1761 4265
718 1705
195 566
2526 3236
2350 3462
2542 4367
559 1706
235 4640
96 1280
573 4501
438 4515
1609 3649
517 2167
80 3198
1155 3472
2111 2130
3076 4871
1162 3473
808 2755
705 3505
89 4402
2190 2505
3068 3876
1553 3257
1105 4366
751 4398
4745 4941
427 3953
3811 4703
1078 3334
1812 4263
2453 2735
1524 1825
3798 4965
1231 3609
1212 4398
2365 2769
2910 3734
1214 2837
2834 4958
434 2625
1380 4440
2734 3343
2606 3575
2651 4570
1428 2581
3358 4310
1385 3422
1522 2094
261 3157
1946 2636
82 2950
2169 2697
2779 2791
3651 4755
3619 3660
4004 4264
2225 4351
1044 1852
1048 2327
3645 4881
1980 2949
1589 1994
2125 3467
3145 3405
343 594
3333 4115
1092 1211
1628 3661
3749 4545
3242 3744
176 3959
231 3631
3840 4797
862 4518
686 1166
1143 4296
9 1755
2879 3942
891 3299
2399 3852
266 4748
2820 4397
1565 2074
1965 3333
199 983
1755 3885
2195 4155
2538 2787
2686 3806
1287 4863
3913 4900
92 2275
2346 3919
1125 2750
2362 4654
1471 3833
788 1920
4 3130
1492 4112
416 895
642 2721
2875 4824
1725 4031
1450 2835
1701 4847
1080 3306
38 3387
2605 3498
1453 2782
3778 4655
42 1329
1717 4807
1165 2430
3783 4315
1372 3974
1804 2056
3731 3859
1004 2703
1135 2220
1392 3143
906 4311
151 1806
980 2642
3814 4632
2184 2373
2976 4536
3058 4775
1040 1980
950 3057
367 4764
1595 3941
724 3073
594 2535
2616 3673
1570 2061
214 3513
920 1819
4013 4272
410 3304
1637 4416
1479 1716
1991 3805
1535 4384
3029 3518
2702 3140
629 2872
499 2365
2052 2788
3978 4549
3571 4499
3238 4421
213 3438
1721 4096
1224 1449
1918 4923
71 4831
266 2457
4808 4854
1324 3490
84 4390
78 2412
1506 3866
2367 2440
344 548
4142 4370
101 3862
59 2710
4120 4256
3319 3463
789 2916
883 889
3031 3955
165 799
44 1364
1986 4058
1642 2243
4696 4849
969 3348
1600 2514
17 3482
2519 3436
640 4020
3239 4336
2093 3330
482 3651
491 2609
659 2726
411 1729
194 4906
2741 4957
902 2586
401 1448
2287 4138
938 2685
144 3831
2174 4427
2474 3535
1124 2448
415 2510
2622 4622
1879 2552
2747 4304
3546 4431
3024 4404
1029 1325
227 866
1687 2406
4487 4544
2026 4319
3243 3305
3861 3863
3561 4670
4800 4967
1258 1875
361 1730
2376 4335
2298 2937
112 2210
1291 1473
1261 4320
444 3694
1943 3449
96 4241
2682 3578
5 4438
2319 3653
2277 3285
2105 4188
2692 4955
688 997
1490 3597
1815 4552
1135 3284
1259 1445
3612 4625
570 3310
411 3939
1239 1955
885 3397
1925 3377
3586 4358
1389 1960
511 4599
3337 3551
3228 3732
961 4143
1225 1836
112 4734
1482 2215
1796 3465
2370 3065
1898 2312
3825 4281
2503 4418
1832 2641
1054 3638
1334 1474
4049 4281
2030 3818
1865 4853
160 3814
588 3973
4523 4687
377 765
1066 4514
618 3504
1483 3921
4148 4537
1920 2480
4846 4913
577 4803
663 4280
548 1509
1156 4385
598 2493
1203 1293
3977 4804
1432 2086
3234 4901
385 2962
2015 2766
981 1706
309 805
529 3633
3905 4386
3169 3529
978 2824
319 403
1189 1646
1185 3833
313 4601
1447 3914
2864 3577
3609 4825
1853 4697
1336 3182
1250 4581
170 552
634 4206
286 1887
1421 3625
3051 4238
1552 3385
1037 2816
495 1702
204 3171
1782 4685
2118 3627
1545 2991
1033 3255
1184 4820
2079 4898
26 3046
2473 3162
527 3142
964 4379
653 3188
380 2701
439 3767
1132 3489
147 2385
4 915
1195 3989
311 3748
504 3421
1567 2070
441 2521
333 2177
1935 4991
2085 2806
1437 2564
3710 3780
1255 4576
1455 3693
3767 4626
4538 4950
1668 2021
3165 4266
1251 3002
3435 4689
973 2840
2468 3314
1621 4039
3577 3841
1113 1816
344 4635
3225 3700
230 2521
3335 3704
2239 3640
2855 2862
3595 4670
389 2810
187 4480
2256 2322
200 3039
441 759
746 4585
161 985
265 3189
1420 4340
1500 4324
1803 2852
470 4728
767 4154
1294 3082
334 798
423 1153
4116 4756
1457 1608
692 2896
1885 4278
1776 4305
3519 4204
89 1493
1282 3144
953 2173
879 3040
359 4484
142 1505
3476 3539
3736 4742
1657 3920
1554 4538
777 3986
592 2784
860 3390
2271 3471
429 594
2890 3796
4394 4533
1371 3505
1556 3751
1005 4125
150 4170
3964 4432
2026 4240
2140 3882
2016 4849
2665 4595
141 241
1600 4048
4330 4908
49 4313
2693 3450
2909 3070
1207 3821
1373 4553
1497 3814
96 3011
2654 4772
238 1499
1880 1976
2508 4592
823 2274
3083 4429
156 3844
2686 4801
1145 4030
892 4391
2175 4846
2693 2760
766 856
185 3104
2292 4213
2560 4436
137 2329
1607 4725
472 4565
3503 4629
1873 4659
302 4762
2063 3084
2565 3056
261 2783
2444 2960
621 2921
1550 4216
1238 4534
330 4621
972 4744
4054 4724
1681 2748
3458 3637
3277 4084
698 4685
335 3214
304 2764
2389 2732
2098 3360
1639 4535
2279 3148
374 977
4619 4624
728 2502
3210 4690
26 3816
2998 3812
697 4941
866 2546
2387 2694
1583 2103
682 3507
746 2659
2584 3466
1605 1701
1241 2021
2177 3203
1686 3837
297 4789
358 3403
2065 2729
1692 2082
947 2945
972 3967
2267 3800
1073 1453
437 1783
3037 4657
22 4771
1934 2245
2795 3843
815 3103
456 3808
1165 2971
2774 2947
173 3824
3200 3768
312 3554
2143 3486
2134 4177
1437 3594
1167 3681
1783 2590
36 4528
1478 1538
1391 1430
133 1081
2986 3440
612 3926
1141 3772
1655 2898
16 4241
1412 2477
1296 3463
605 4382
172 3869
141 4639
2331 2903
2728 3790
1677 3629
2273 4309
2167 4749
2859 4164
527 1529
2253 3576
263 4254
3849 4652
2265 4316
1076 3276
943 1240
4034 4774
2532 3836
2240 2731
1926 2442
417 1184
149 585
1697 2749
2514 3347
2604 3995
1112 3086
3031 4469
3246 3392
2318 3789
676 4813
1992 3035
2501 4549
462 3298
1883 4370
1800 2754
1083 4966
37 584
1913 4634
1265 4061
548 4963
1233 4169
597 3972
55 1317
1581 3878
2646 2789
2245 2468
1094 4870
1139 1942
360 3378
371 4208
1355 4168
308 4669
925 4861
105 4244
2129 2201
3112 3610
688 3552
262 2855
3630 4331
3545 4719
998 1329
2109 4550
796 4905
3510 4882
1007 1471
763 2843
204 2051
1760 3766
54 4001
1885 2938
247 1754
1907 4230
2123 2768
885 4588
1635 2556
2441 3523
2547 4288
2993 4505
391 869
454 1686
2355 4244
440 813
3128 4136
2751 2818
580 4883
110 995
636 2804
4603 4739
103 4439
1688 2228
1770 2526
365 2588
1389 4207
578 3220
770 1802
661 1786
3089 4106
2464 4352
2288 2456
2794 3990
1767 4764
91 3456
3032 4608
1658 3517
1217 3784
