-75823
999
0 114
1 904
1 985
2 218
3 112
3 285
3 470
3 643
3 732
4 20
4 496
5 23
5 830
5 938
6 90
6 489
7 378
8 622
9 464
9 771
9 980
10 264
10 350
11 38
11 66
11 568
11 614
11 830
11 975
12 32
12 158
12 482
12 757
13 277
13 302
13 371
13 801
14 950
14 976
15 985
16 24
16 572
16 840
17 340
18 414
18 884
19 697
19 727
20 489
20 802
21 213
21 232
21 438
22 653
23 472
23 934
24 634
25 282
26 534
26 745
27 483
27 695
28 131
28 928
29 145
29 152
29 159
30 469
30 678
31 298
31 521
31 655
31 710
32 843
33 585
33 599
34 61
34 314
34 967
35 99
35 307
35 909
36 216
36 333
36 375
36 567
36 966
37 244
38 170
38 692
39 146
39 619
39 882
40 113
40 265
41 204
41 539
41 763
41 768
42 571
43 668
44 56
44 194
44 288
45 195
45 416
45 522
46 236
46 322
46 427
46 453
47 144
47 339
47 477
47 603
47 710
48 515
48 858
49 126
49 453
50 705
50 809
51 157
52 649
52 936
53 369
53 445
54 689
55 494
55 722
56 380
57 214
57 607
57 628
57 672
58 66
59 105
59 355
60 947
61 694
62 779
63 897
63 917
64 174
64 300
64 569
65 686
65 821
66 117
67 923
68 279
68 648
68 815
69 910
69 930
70 345
70 726
70 989
71 259
72 151
72 511
73 210
74 319
74 863
75 185
75 842
75 851
76 566
76 572
77 558
78 477
79 242
79 975
80 152
80 442
80 999
81 581
81 884
82 682
83 510
84 610
84 694
85 480
85 612
86 411
86 412
86 519
87 517
87 586
88 685
89 176
89 423
89 527
89 717
90 871
91 203
91 366
92 180
92 203
93 395
94 368
94 470
95 617
95 816
95 998
96 676
97 651
97 810
98 500
98 944
99 504
100 143
100 241
100 544
101 390
101 550
102 397
102 918
103 178
103 574
104 296
106 715
106 981
107 701
107 859
108 371
108 547
108 755
109 958
110 791
111 303
111 515
111 807
111 935
114 134
115 129
115 593
115 642
115 765
116 454
116 934
118 541
118 945
119 267
119 936
120 537
120 811
121 184
122 467
123 338
123 527
124 758
125 173
125 380
125 448
125 486
125 766
125 787
127 332
128 426
128 737
130 276
130 763
130 905
131 915
132 493
132 615
132 851
133 348
133 497
134 502
134 520
134 810
135 543
135 639
135 825
135 939
136 735
137 683
138 940
139 469
139 654
139 751
140 240
140 506
141 210
142 428
142 979
144 625
145 844
146 963
147 328
147 354
147 407
147 564
148 824
149 517
149 578
150 672
151 152
153 766
154 217
154 694
155 741
155 770
155 964
156 918
157 233
157 277
158 792
159 551
159 933
160 196
161 197
161 822
162 181
162 616
163 274
164 363
165 882
166 626
166 952
167 220
167 632
167 789
168 244
169 826
170 311
170 499
171 641
171 955
172 341
175 474
177 894
178 377
179 431
179 461
179 751
180 379
181 266
181 446
182 370
183 340
184 625
186 277
186 911
187 459
188 642
188 870
188 996
189 386
190 871
191 510
191 529
191 690
192 292
192 450
192 638
192 676
193 383
194 693
195 855
196 668
198 603
199 616
200 962
201 832
201 859
202 517
202 826
203 256
204 557
205 629
205 988
206 762
207 461
208 979
209 439
209 862
210 386
210 574
210 598
210 849
211 459
211 722
212 449
214 816
214 822
215 587
217 475
217 616
218 222
218 852
219 329
219 566
219 715
220 456
221 334
221 726
222 329
223 998
224 748
224 857
225 266
225 398
225 730
225 873
225 894
226 573
226 581
227 291
227 784
228 665
229 389
230 936
231 946
234 579
235 795
235 991
237 336
237 849
238 352
239 402
240 502
240 946
241 420
242 383
243 695
243 850
244 628
244 689
245 323
245 901
246 405
247 571
248 607
248 661
249 508
249 687
249 849
250 526
250 706
251 652
251 684
252 385
252 477
252 750
253 341
253 798
254 718
255 653
255 657
255 804
255 812
255 836
256 741
257 624
257 862
257 889
257 964
258 800
258 847
259 471
259 519
259 740
259 863
260 489
261 273
262 418
262 931
263 483
263 912
264 424
264 879
265 463
265 721
265 978
266 754
267 752
268 948
269 720
269 760
270 556
271 318
272 276
273 396
273 424
273 486
273 700
274 589
274 762
274 843
275 978
276 576
276 790
278 337
280 392
281 404
282 552
282 792
283 815
283 861
284 314
285 555
286 914
286 977
287 318
289 747
289 816
289 864
290 314
290 628
291 362
292 587
293 321
293 435
293 994
294 950
295 640
295 659
295 935
296 316
296 416
297 597
299 876
301 567
301 580
302 534
302 772
304 894
305 601
305 684
305 688
305 987
306 317
307 384
307 750
308 458
309 500
309 566
309 666
309 714
310 824
312 606
312 920
312 956
313 595
315 537
317 522
318 727
320 373
320 518
320 546
321 489
322 822
323 393
324 438
325 531
326 523
326 754
327 436
327 491
329 337
329 850
330 713
330 879
330 965
331 722
332 600
334 951
335 415
335 466
335 639
335 997
336 346
336 679
336 708
336 868
337 764
338 422
338 779
339 627
340 540
340 966
341 459
341 490
341 742
341 922
342 575
343 448
344 841
344 881
344 911
346 671
347 812
348 753
349 465
349 535
351 936
352 458
353 441
354 359
355 423
355 874
356 554
357 470
358 498
358 980
360 685
360 787
360 952
361 899
362 910
363 415
363 919
364 962
365 939
366 647
367 757
369 586
370 399
370 413
371 971
372 826
373 611
374 598
375 472
375 929
376 702
376 942
377 590
378 501
378 557
378 783
378 817
378 900
381 834
381 871
382 946
383 449
383 743
384 551
384 592
385 561
386 763
387 549
387 705
388 538
389 609
389 979
391 792
391 913
392 687
393 845
394 927
395 857
396 662
397 612
397 718
398 803
399 953
400 737
401 451
401 622
402 466
402 650
403 430
403 596
404 775
405 835
405 911
406 450
406 558
407 467
407 512
408 457
409 674
410 604
410 760
413 787
415 455
416 557
417 719
417 746
419 466
420 916
421 459
423 848
424 554
424 703
425 477
425 533
428 737
429 963
430 469
430 756
432 769
432 940
433 530
433 580
433 882
434 953
436 481
436 572
437 544
438 768
440 584
441 864
443 452
444 648
444 729
446 778
447 522
448 450
448 723
450 656
451 950
452 652
452 958
455 516
455 681
455 727
456 718
456 910
457 650
458 580
458 733
458 976
459 865
459 986
460 964
461 696
462 515
463 594
463 853
464 602
464 673
465 931
465 992
466 519
466 604
468 992
469 704
469 827
470 631
472 932
472 954
473 539
474 866
476 522
476 949
477 702
477 920
478 611
478 816
479 837
483 839
484 793
485 868
486 814
486 860
487 590
488 630
488 800
489 665
492 999
495 543
495 957
497 550
498 927
500 577
500 928
501 548
501 767
501 920
502 686
502 749
503 748
503 856
505 586
506 528
506 962
507 860
508 791
509 806
511 742
512 914
512 979
513 825
514 529
517 611
517 735
517 796
519 694
519 838
523 945
524 625
525 768
525 811
530 581
531 562
531 989
532 759
535 996
536 565
536 685
538 720
539 547
539 880
542 867
542 920
543 620
544 911
545 810
547 698
550 920
552 579
553 947
555 759
556 994
559 575
559 721
559 741
560 574
560 621
563 605
564 821
565 761
565 851
569 817
570 751
571 721
572 660
575 583
575 893
581 906
581 961
582 651
583 820
583 836
584 813
584 892
584 910
584 973
586 640
588 893
591 834
591 959
593 910
593 912
594 628
595 617
595 688
597 851
598 633
599 635
600 736
600 944
602 709
603 972
605 716
605 818
608 989
611 846
613 638
618 744
618 887
619 630
621 682
621 692
622 875
622 965
623 996
625 675
629 714
630 765
631 794
635 748
636 776
637 657
639 902
641 793
641 894
643 837
644 658
645 668
646 860
647 658
654 689
654 823
659 877
659 921
663 736
664 773
667 947
667 994
668 747
669 816
670 740
674 950
675 785
677 720
678 904
680 918
683 756
686 754
687 815
690 964
691 788
691 901
696 970
699 725
699 907
702 822
705 813
706 751
707 762
707 995
708 898
711 726
712 871
713 786
716 993
717 877
721 724
725 981
726 876
728 954
731 872
731 904
734 753
738 750
739 950
739 960
746 769
746 808
746 859
748 808
750 885
758 769
759 779
759 941
760 883
771 795
773 910
774 919
775 966
776 908
777 939
780 937
781 830
782 972
787 891
792 912
795 806
797 980
799 965
800 908
802 843
802 888
805 829
811 866
814 924
816 927
818 984
819 954
823 895
824 962
828 999
829 862
829 948
830 869
831 903
831 921
833 871
844 937
845 883
851 917
854 994
859 896
873 925
878 966
881 890
886 912
887 961
896 943
896 952
899 979
903 982
912 936
918 968
923 993
926 980
927 974
927 989
933 969
947 993
956 983
957 990
