157
99
0 2
0 79
1 10
1 15
1 18
1 40
1 90
2 26
2 93
3 5
4 54
4 76
5 47
5 70
5 95
6 98
7 56
8 33
9 49
10 17
10 35
10 67
11 79
12 40
13 56
13 80
14 45
15 26
16 25
16 68
19 79
20 86
21 71
21 73
22 70
23 33
23 51
23 69
23 80
23 83
23 91
24 65
25 43
26 57
27 33
27 45
27 47
27 98
28 66
28 86
29 61
29 96
30 34
30 42
31 50
32 67
32 71
33 93
34 48
34 60
36 49
37 99
38 76
39 91
40 50
41 62
41 70
41 82
41 88
42 78
43 82
44 61
46 64
49 88
51 74
52 71
53 80
53 94
54 57
54 99
55 63
55 89
58 95
59 97
61 78
61 97
64 78
65 76
69 89
70 84
72 92
72 96
73 75
77 96
81 82
82 87
85 86
85 95
85 97
