-1708
99
0 18
0 90
1 37
1 50
2 16
3 37
4 89
4 94
5 27
5 73
5 78
5 88
6 27
6 63
7 81
8 13
8 39
9 56
9 77
10 48
10 57
11 45
11 62
12 67
13 62
13 72
13 76
14 69
15 45
15 71
16 31
16 39
16 46
17 19
17 44
18 96
19 43
19 48
20 35
20 89
21 24
21 36
21 61
22 52
22 78
22 80
23 84
23 85
23 93
25 58
26 36
28 42
28 82
29 34
30 62
31 44
32 41
32 57
33 47
33 82
34 39
35 49
36 92
37 81
37 95
38 44
39 51
39 81
39 91
40 88
40 98
42 97
44 79
46 64
48 54
51 70
51 99
52 65
53 60
55 89
56 66
56 74
58 59
58 67
58 99
60 68
60 83
62 98
66 90
66 98
67 68
69 97
70 82
75 92
79 87
79 93
83 86
89 99
92 95
