100 2429
0 4 -7
0 6 -1
0 7 -14
0 10 -15
0 12 3
0 13 -4
0 14 9
0 15 16
0 16 5
0 20 2
0 21 12
0 26 15
0 27 -15
0 39 9
0 41 18
0 42 -3
0 44 -8
0 52 1
0 54 -1
0 56 0
0 58 2
0 68 -10
0 70 10
0 72 15
0 73 -19
0 74 15
0 75 -17
0 76 5
0 77 8
0 80 11
0 81 -8
0 84 -17
0 86 5
0 87 14
0 88 9
0 92 -8
0 93 -14
0 94 1
0 95 -4
0 97 4
0 98 -12
0 99 -8
1 3 0
1 4 1
1 7 1
1 8 -5
1 9 -5
1 12 -19
1 13 -1
1 14 17
1 17 -19
1 18 -10
1 19 16
1 22 17
1 24 3
1 27 14
1 30 -6
1 34 12
1 35 4
1 37 -19
1 38 -12
1 40 16
1 41 -9
1 43 2
1 45 8
1 48 18
1 50 -8
1 51 -13
1 52 7
1 53 11
1 54 13
1 57 -18
1 59 14
1 63 -11
1 64 -5
1 65 -5
1 67 12
1 68 6
1 69 0
1 78 -9
1 79 -6
1 80 9
1 81 8
1 83 -4
1 88 -12
1 90 1
1 91 18
1 92 4
1 93 3
1 94 -4
1 95 -11
1 97 -10
1 99 15
2 4 0
2 5 -8
2 14 -4
2 15 -8
2 23 0
2 24 -13
2 25 -17
2 26 10
2 29 -5
2 31 -14
2 33 -16
2 35 7
2 37 9
2 38 8
2 40 11
2 43 9
2 46 -3
2 48 19
2 49 -4
2 50 18
2 51 0
2 52 3
2 54 19
2 57 6
2 58 -19
2 60 13
2 63 4
2 65 1
2 67 -5
2 72 -10
2 73 -19
2 77 -14
2 79 12
2 80 -2
2 83 -19
2 84 -15
2 87 -8
2 88 13
2 90 3
2 96 17
2 97 19
2 98 -7
3 4 -2
3 9 -8
3 10 -4
3 11 8
3 12 -11
3 14 19
3 16 -2
3 17 -18
3 18 -5
3 19 14
3 20 11
3 23 -9
3 24 14
3 25 2
3 26 -16
3 29 7
3 31 12
3 32 17
3 33 -7
3 35 -14
3 37 12
3 38 18
3 41 14
3 43 2
3 44 -7
3 46 -7
3 47 4
3 48 18
3 50 1
3 51 -7
3 53 6
3 55 -18
3 56 -6
3 58 1
3 59 12
3 62 -15
3 63 -17
3 65 -18
3 70 -19
3 71 2
3 72 19
3 75 19
3 76 -15
3 80 11
3 83 0
3 85 1
3 86 2
3 94 6
3 96 -6
3 97 -10
3 98 -4
3 99 -16
4 6 -6
4 7 -16
4 8 -14
4 10 -12
4 12 12
4 13 -14
4 16 3
4 18 -8
4 19 -19
4 20 0
4 23 -16
4 25 -12
4 27 4
4 28 9
4 29 11
4 31 -7
4 37 -19
4 40 -18
4 41 5
4 43 -6
4 44 -7
4 45 12
4 49 8
4 50 6
4 51 -12
4 52 -4
4 54 19
4 56 -18
4 57 10
4 60 -12
4 62 -15
4 67 7
4 69 -9
4 71 -3
4 72 18
4 74 10
4 75 5
4 76 17
4 77 -13
4 78 -8
4 85 19
4 86 -11
4 87 14
4 88 -17
4 95 6
4 97 -1
4 99 -7
5 6 -8
5 8 5
5 10 13
5 12 -16
5 13 -1
5 14 4
5 17 -12
5 18 14
5 19 15
5 20 1
5 22 12
5 23 -13
5 27 10
5 28 -9
5 34 -10
5 40 -17
5 42 8
5 44 -17
5 48 2
5 52 15
5 53 -1
5 57 8
5 62 6
5 64 14
5 65 -7
5 67 -17
5 68 -11
5 73 -5
5 74 13
5 78 5
5 81 3
5 83 9
5 84 -18
5 86 -17
5 89 -3
5 90 -5
5 92 8
5 95 -15
5 97 15
5 99 8
6 7 4
6 14 -12
6 17 13
6 18 15
6 20 4
6 22 -1
6 23 -2
6 25 -15
6 26 11
6 27 8
6 28 6
6 29 -15
6 31 -2
6 32 19
6 35 0
6 38 -6
6 40 15
6 41 15
6 44 -16
6 49 9
6 50 -1
6 52 7
6 54 -8
6 56 10
6 57 -19
6 59 10
6 61 11
6 63 13
6 64 -3
6 71 0
6 75 2
6 79 0
6 85 -12
6 88 -8
6 91 -19
6 94 -14
6 95 9
7 8 8
7 10 -3
7 13 -15
7 18 -8
7 21 17
7 23 -11
7 24 16
7 26 10
7 27 -12
7 28 4
7 30 18
7 32 3
7 35 4
7 37 19
7 38 10
7 39 0
7 44 -14
7 45 14
7 46 4
7 47 13
7 48 11
7 49 -9
7 50 12
7 54 11
7 55 -1
7 56 9
7 58 17
7 61 -9
7 64 10
7 65 -5
7 66 8
7 67 -1
7 68 -2
7 69 3
7 70 -5
7 72 11
7 73 11
7 79 -3
7 81 0
7 84 -8
7 85 -5
7 87 -1
7 88 -1
7 90 -17
7 92 -4
7 94 1
7 96 15
7 97 -9
8 9 -16
8 10 -9
8 11 6
8 15 18
8 16 17
8 18 -9
8 21 11
8 23 -6
8 27 -5
8 28 8
8 30 -2
8 31 15
8 33 1
8 35 -15
8 39 -7
8 40 -14
8 41 -15
8 43 2
8 44 9
8 46 17
8 47 -8
8 49 11
8 50 12
8 52 0
8 53 14
8 55 -18
8 57 -2
8 58 6
8 60 -2
8 63 -3
8 64 -12
8 65 -3
8 66 -18
8 67 -6
8 68 0
8 71 11
8 76 -11
8 77 2
8 80 -4
8 84 15
8 85 -7
8 88 15
8 89 3
8 90 4
8 92 -6
8 93 9
8 94 14
8 97 -4
9 12 18
9 14 -8
9 15 -19
9 18 -19
9 21 3
9 22 5
9 24 15
9 25 18
9 29 3
9 32 5
9 33 16
9 35 19
9 36 3
9 37 10
9 39 -8
9 40 -12
9 41 -9
9 42 -17
9 43 -10
9 44 14
9 45 -19
9 47 -9
9 49 5
9 50 5
9 52 -4
9 54 -16
9 55 -5
9 56 7
9 57 -2
9 59 -8
9 61 -7
9 63 -13
9 64 -11
9 65 -9
9 66 -4
9 67 2
9 68 -5
9 69 -9
9 70 -11
9 73 -10
9 74 -4
9 77 -4
9 78 5
9 79 -12
9 80 -9
9 83 -17
9 84 -7
9 85 14
9 86 15
9 87 -2
9 90 13
9 92 -1
9 95 -17
10 12 4
10 13 -12
10 16 14
10 17 -12
10 21 -13
10 25 11
10 27 16
10 28 11
10 31 -17
10 34 -18
10 35 -14
10 40 7
10 41 -14
10 46 6
10 47 -16
10 49 19
10 50 16
10 52 19
10 53 -13
10 55 5
10 58 -14
10 63 19
10 64 1
10 65 12
10 68 -8
10 70 4
10 71 -12
10 72 -17
10 74 -10
10 75 19
10 76 -11
10 80 -8
10 81 15
10 85 6
10 86 14
10 87 -3
10 92 0
10 97 16
10 98 -4
10 99 12
11 17 16
11 18 3
11 20 -4
11 21 -4
11 22 -7
11 23 9
11 24 6
11 25 -11
11 29 -7
11 30 3
11 31 -3
11 33 -17
11 35 0
11 36 7
11 37 9
11 38 3
11 39 13
11 42 -6
11 44 19
11 45 1
11 46 19
11 47 9
11 49 -18
11 52 -6
11 54 2
11 55 18
11 58 -12
11 59 -17
11 61 -7
11 63 -9
11 64 10
11 65 9
11 66 -3
11 68 -11
11 73 -1
11 74 -6
11 76 -3
11 85 5
11 88 8
11 89 -3
11 94 -10
11 95 11
11 96 17
11 97 11
11 98 5
11 99 8
12 13 -2
12 18 5
12 19 -9
12 20 -6
12 23 -4
12 25 18
12 28 -2
12 32 -2
12 33 -13
12 35 2
12 37 3
12 38 -15
12 43 10
12 44 2
12 49 -14
12 51 3
12 52 -11
12 55 -12
12 56 14
12 57 2
12 58 -19
12 59 7
12 63 -19
12 64 16
12 66 -13
12 67 -15
12 69 -3
12 72 15
12 76 -15
12 77 4
12 78 -3
12 79 -10
12 84 4
12 85 -5
12 88 -6
12 89 3
12 90 -17
12 91 0
12 92 12
12 95 -1
12 98 19
13 14 -8
13 18 0
13 19 12
13 21 -1
13 22 -9
13 31 -14
13 32 -3
13 33 -15
13 34 -3
13 36 2
13 37 -14
13 38 -17
13 41 4
13 42 3
13 44 8
13 51 19
13 52 2
13 53 -19
13 56 -10
13 57 -16
13 60 18
13 61 -4
13 62 -10
13 65 17
13 66 9
13 67 2
13 68 -13
13 70 8
13 71 15
13 72 14
13 75 18
13 76 -11
13 77 7
13 78 19
13 80 -14
13 82 16
13 83 6
13 86 -14
13 87 5
13 88 7
13 89 6
13 90 -16
13 91 -6
13 92 0
13 93 -12
13 97 -10
13 98 16
14 17 12
14 18 9
14 22 6
14 23 18
14 25 17
14 26 -19
14 35 15
14 36 -19
14 42 -5
14 49 -17
14 51 -19
14 52 9
14 55 10
14 56 9
14 57 -18
14 59 0
14 62 14
14 63 0
14 64 11
14 65 -18
14 66 12
14 71 1
14 72 19
14 73 7
14 74 5
14 75 -12
14 77 -15
14 78 12
14 80 -6
14 82 -6
14 86 0
14 89 0
14 90 -4
14 94 -8
14 95 0
14 96 -19
14 97 17
14 99 -9
15 18 14
15 19 -15
15 21 -15
15 23 -15
15 24 -8
15 27 -9
15 28 -11
15 29 17
15 33 -14
15 34 8
15 36 0
15 38 -6
15 39 17
15 41 -12
15 45 7
15 46 4
15 51 7
15 53 0
15 54 -1
15 57 1
15 59 -4
15 60 13
15 61 9
15 65 8
15 68 9
15 69 -18
15 71 14
15 72 -2
15 75 -17
15 76 12
15 78 9
15 79 8
15 84 4
15 85 16
15 86 8
15 90 -9
15 91 2
15 92 -10
15 93 12
15 98 8
15 99 9
16 17 12
16 19 15
16 20 9
16 21 4
16 23 -5
16 24 -15
16 25 -17
16 26 3
16 31 18
16 34 17
16 35 17
16 37 0
16 42 0
16 45 -16
16 47 10
16 48 2
16 49 -12
16 52 -3
16 57 -4
16 59 -3
16 62 -12
16 63 4
16 64 17
16 67 13
16 71 10
16 73 -17
16 78 -2
16 80 6
16 82 -2
16 86 -10
16 88 3
16 92 -9
16 93 0
16 94 15
16 95 4
16 96 9
17 19 5
17 21 -3
17 22 10
17 27 9
17 30 -19
17 33 -19
17 35 17
17 36 -4
17 37 -9
17 39 -10
17 41 16
17 42 -18
17 47 -6
17 48 18
17 50 -4
17 51 17
17 52 15
17 55 -10
17 56 16
17 57 -7
17 58 2
17 60 -15
17 61 -6
17 62 8
17 63 -9
17 64 -6
17 65 19
17 67 -16
17 69 -12
17 70 18
17 72 -18
17 76 -13
17 78 -19
17 85 12
17 86 -3
17 92 15
17 94 13
17 95 -3
18 20 1
18 21 15
18 24 9
18 27 -10
18 28 16
18 30 -4
18 31 -7
18 32 -19
18 33 -18
18 35 -8
18 37 -8
18 41 19
18 43 -18
18 44 17
18 45 -3
18 46 -12
18 48 14
18 50 8
18 56 -1
18 59 9
18 63 19
18 64 -9
18 65 -16
18 67 6
18 70 17
18 71 -18
18 72 5
18 74 17
18 76 -17
18 78 1
18 80 1
18 83 -19
18 86 13
18 90 9
18 91 0
18 93 11
18 96 -13
18 97 11
18 98 16
19 21 11
19 24 -17
19 25 5
19 28 -12
19 29 -8
19 33 10
19 34 -12
19 40 -16
19 41 2
19 43 11
19 46 -4
19 49 18
19 50 6
19 51 0
19 53 -11
19 54 2
19 56 10
19 57 13
19 61 9
19 65 11
19 67 14
19 68 14
19 72 6
19 74 3
19 75 4
19 76 -6
19 80 -6
19 85 13
19 86 -3
19 94 3
19 95 0
19 97 -6
19 98 -4
19 99 -17
20 21 -18
20 23 18
20 26 14
20 27 -6
20 30 -1
20 31 17
20 32 5
20 33 6
20 36 -18
20 39 18
20 40 0
20 44 10
20 45 3
20 47 13
20 49 -11
20 51 -15
20 53 18
20 55 -8
20 56 1
20 57 6
20 58 14
20 60 11
20 63 16
20 65 4
20 66 -1
20 69 10
20 71 -15
20 73 4
20 74 5
20 77 18
20 78 -16
20 79 -10
20 80 -10
20 82 -17
20 86 1
20 87 -10
20 88 10
20 90 -9
20 91 -7
20 92 -7
20 95 14
20 98 -1
21 22 11
21 24 -16
21 25 2
21 28 12
21 29 -14
21 31 18
21 34 -9
21 37 -14
21 38 14
21 39 -13
21 41 -18
21 49 0
21 50 18
21 51 0
21 53 16
21 54 2
21 55 -7
21 56 17
21 57 -17
21 59 -16
21 60 0
21 62 15
21 65 -11
21 67 -2
21 68 14
21 71 19
21 73 13
21 75 -17
21 79 18
21 80 0
21 82 2
21 83 9
21 91 -13
21 93 -2
21 96 -6
21 99 -8
22 23 15
22 25 8
22 26 -2
22 29 -19
22 30 -7
22 31 9
22 32 10
22 34 -10
22 35 9
22 36 14
22 37 -14
22 40 0
22 41 8
22 43 -18
22 44 17
22 46 -11
22 47 -6
22 48 6
22 51 -10
22 52 -4
22 54 0
22 60 -6
22 61 -10
22 62 -11
22 63 3
22 65 -6
22 68 -3
22 69 -13
22 77 -7
22 78 16
22 79 2
22 80 -5
22 83 1
22 84 10
22 87 14
22 96 3
22 97 -7
23 24 15
23 25 -17
23 26 6
23 27 10
23 32 1
23 33 -16
23 35 2
23 36 0
23 38 10
23 39 7
23 40 -5
23 45 -14
23 47 -3
23 48 -1
23 51 -7
23 52 -4
23 55 -5
23 59 -6
23 64 12
23 66 -18
23 70 -9
23 71 -16
23 72 -5
23 75 3
23 77 -6
23 78 1
23 79 -1
23 80 0
23 81 4
23 83 -1
23 86 10
23 94 5
23 96 9
23 98 -1
23 99 -5
24 26 16
24 27 -1
24 29 -7
24 30 -6
24 33 9
24 34 -10
24 36 -3
24 39 19
24 41 -10
24 45 -5
24 47 18
24 48 6
24 49 -8
24 50 -4
24 53 10
24 54 -14
24 55 16
24 57 -15
24 60 -9
24 63 14
24 64 14
24 65 -17
24 67 -12
24 68 -16
24 69 19
24 71 7
24 73 7
24 74 -1
24 77 15
24 78 -2
24 79 -9
24 81 -1
24 83 19
24 84 9
24 85 -2
24 86 -17
24 87 -8
24 91 13
24 92 -3
24 94 -16
24 95 -2
24 96 13
24 98 -2
24 99 -15
25 26 -11
25 27 13
25 28 -15
25 29 -19
25 30 -19
25 31 7
25 32 10
25 34 0
25 36 -7
25 40 -10
25 42 -8
25 45 -18
25 49 -13
25 53 0
25 54 13
25 56 -8
25 57 -7
25 59 -6
25 60 -5
25 61 -17
25 63 -6
25 65 -7
25 66 -15
25 69 -4
25 70 9
25 71 2
25 72 -6
25 75 7
25 76 -3
25 78 17
25 80 0
25 81 1
25 85 3
25 86 -18
25 90 16
25 91 6
25 94 2
25 95 3
26 28 8
26 30 19
26 31 8
26 33 18
26 37 -18
26 39 0
26 45 3
26 46 4
26 49 16
26 50 3
26 51 -10
26 57 0
26 59 13
26 60 0
26 63 -7
26 64 4
26 65 -4
26 67 11
26 68 -18
26 69 18
26 70 -17
26 72 -15
26 73 -11
26 74 -16
26 75 -9
26 76 14
26 77 19
26 78 -9
26 80 -11
26 83 16
26 84 -16
26 86 2
26 87 14
26 92 -16
26 94 4
26 96 18
26 98 -8
26 99 -17
27 28 -13
27 32 -2
27 33 -5
27 35 0
27 37 -19
27 38 -5
27 43 2
27 44 8
27 47 3
27 48 15
27 52 -18
27 53 0
27 59 -16
27 61 12
27 62 -4
27 63 19
27 64 10
27 65 15
27 68 16
27 72 18
27 73 18
27 75 14
27 77 14
27 85 8
27 87 -5
27 88 -19
27 92 0
27 93 -8
27 94 -2
27 95 14
27 96 -19
27 98 18
27 99 16
28 30 6
28 31 -7
28 32 -5
28 33 -7
28 35 14
28 36 14
28 38 -17
28 39 8
28 41 -19
28 43 9
28 44 9
28 45 0
28 53 -14
28 55 -8
28 56 16
28 59 -11
28 60 -8
28 63 -13
28 65 -5
28 66 -11
28 69 -6
28 70 1
28 72 15
28 73 7
28 76 -10
28 77 7
28 81 -5
28 82 18
28 83 -17
28 84 -10
28 86 16
28 88 14
28 90 -10
28 91 9
28 94 -2
28 96 8
28 97 -5
28 98 -19
29 35 3
29 36 -14
29 39 3
29 40 -14
29 41 -6
29 43 -1
29 45 18
29 47 17
29 49 -18
29 52 -15
29 53 14
29 54 -4
29 60 12
29 62 -3
29 63 0
29 74 10
29 75 7
29 76 2
29 78 -11
29 79 -12
29 80 -10
29 81 -19
29 82 -4
29 84 -5
29 85 -15
29 86 8
29 90 6
29 94 1
29 95 5
29 96 12
29 97 -4
29 99 -5
30 31 5
30 33 1
30 34 -12
30 36 -9
30 37 -8
30 38 -15
30 41 -6
30 42 2
30 44 10
30 45 16
30 47 -14
30 49 18
30 52 5
30 53 13
30 57 11
30 58 -4
30 59 -10
30 60 12
30 61 -1
30 62 -14
30 65 19
30 66 6
30 67 -5
30 68 -16
30 69 3
30 70 19
30 71 -5
30 72 -4
30 75 -10
30 85 -2
30 87 -4
30 88 9
30 89 -14
30 91 9
30 92 -19
30 93 -18
30 94 -10
30 95 4
30 96 0
30 97 16
30 99 -16
31 32 -5
31 34 1
31 35 -12
31 36 -8
31 37 17
31 41 15
31 45 -7
31 48 0
31 50 16
31 51 -5
31 57 14
31 58 -15
31 60 -17
31 63 2
31 64 -19
31 67 19
31 68 -1
31 70 12
31 71 -5
31 72 8
31 73 -19
31 74 -5
31 76 -3
31 77 -2
31 78 -13
31 79 0
31 81 10
31 83 -5
31 84 17
31 86 7
31 87 14
31 89 -7
31 91 7
31 95 15
31 98 9
31 99 -7
32 33 18
32 35 -1
32 38 0
32 39 14
32 40 -12
32 41 5
32 42 5
32 45 10
32 47 -18
32 49 -15
32 52 12
32 53 -10
32 54 13
32 55 -11
32 57 -12
32 58 -15
32 59 -1
32 60 14
32 64 12
32 66 -2
32 70 -6
32 72 -8
32 73 -19
32 74 -18
32 75 1
32 77 -13
32 78 -7
32 79 13
32 80 -16
32 83 -17
32 84 14
32 88 12
32 92 -16
32 93 4
32 94 12
32 96 -13
32 97 8
32 98 3
33 34 7
33 35 -7
33 36 3
33 37 -14
33 38 16
33 40 -7
33 41 -9
33 42 15
33 46 -8
33 47 -15
33 49 -4
33 55 -11
33 56 -2
33 59 1
33 61 -3
33 63 -11
33 64 -1
33 65 -14
33 69 18
33 70 18
33 71 -3
33 75 -1
33 76 1
33 77 -13
33 79 16
33 80 -19
33 83 -2
33 84 -16
33 87 11
33 88 0
33 89 -3
33 90 -18
33 91 1
33 94 -7
33 95 4
33 96 0
33 97 11
33 98 -4
33 99 -6
34 35 15
34 36 0
34 37 11
34 38 14
34 40 13
34 41 -3
34 44 10
34 45 -3
34 48 -15
34 49 -4
34 50 5
34 51 15
34 52 2
34 54 0
34 55 -13
34 56 0
34 58 0
34 60 0
34 62 -17
34 63 -5
34 64 -5
34 66 -19
34 69 -12
34 70 1
34 71 -13
34 72 15
34 73 -1
34 75 13
34 77 -4
34 78 6
34 84 15
34 85 4
34 87 3
34 88 10
34 89 8
34 90 -4
34 91 19
34 92 4
34 96 14
34 97 8
35 40 -2
35 42 17
35 43 5
35 44 15
35 45 6
35 47 16
35 49 4
35 52 17
35 53 8
35 54 19
35 56 -11
35 59 -4
35 64 -3
35 65 8
35 66 -19
35 67 -8
35 68 -11
35 69 -4
35 71 6
35 73 10
35 74 -6
35 76 2
35 77 -14
35 78 1
35 80 -19
35 83 14
35 86 11
35 87 19
35 88 -10
35 89 -10
35 90 -13
35 91 6
35 94 -3
35 95 -3
35 97 13
35 98 -13
36 37 7
36 38 14
36 39 0
36 40 1
36 44 -6
36 50 -9
36 53 -5
36 55 -8
36 56 -19
36 60 -12
36 63 -17
36 64 -14
36 65 16
36 66 14
36 68 -1
36 74 -8
36 75 -5
36 77 -13
36 82 -4
36 83 2
36 86 -18
36 90 9
36 91 1
36 94 17
36 95 -3
37 42 18
37 45 11
37 46 -9
37 47 -3
37 49 4
37 50 16
37 51 -12
37 55 -5
37 57 -15
37 58 -14
37 59 -9
37 60 -19
37 63 -15
37 69 -11
37 71 3
37 72 17
37 73 -18
37 76 14
37 78 7
37 80 4
37 81 0
37 82 -15
37 87 -13
37 88 -8
37 90 16
37 91 0
37 94 -3
37 96 12
37 97 4
37 99 15
38 39 7
38 40 -8
38 41 17
38 43 -14
38 45 -3
38 46 14
38 47 -4
38 50 -6
38 52 13
38 53 -18
38 54 3
38 55 0
38 56 2
38 57 12
38 61 13
38 63 -5
38 65 -5
38 66 -16
38 69 -18
38 72 -19
38 74 13
38 76 3
38 80 -5
38 81 8
38 82 11
38 83 7
38 87 -3
38 88 -11
38 89 -16
38 90 8
38 91 3
38 92 -13
38 93 15
39 41 16
39 47 2
39 49 -8
39 50 1
39 51 -2
39 57 0
39 62 7
39 64 3
39 68 -18
39 70 -5
39 71 7
39 72 4
39 74 6
39 75 -5
39 77 -9
39 78 -11
39 79 0
39 82 -7
39 83 -18
39 84 9
39 86 -6
39 89 16
39 90 -15
39 91 -16
39 94 9
39 96 -5
40 44 -18
40 46 0
40 48 -8
40 53 3
40 56 -11
40 57 9
40 60 15
40 61 18
40 62 11
40 63 11
40 64 -8
40 66 18
40 67 13
40 71 -7
40 74 18
40 76 16
40 79 -18
40 82 5
40 83 12
40 86 12
40 88 -11
40 89 11
40 90 14
40 93 8
40 94 -4
40 98 6
40 99 -5
41 42 12
41 43 3
41 44 8
41 45 0
41 47 -8
41 49 0
41 50 -13
41 51 19
41 56 0
41 60 -2
41 61 -15
41 62 -6
41 64 -1
41 70 -18
41 71 -5
41 75 -18
41 76 14
41 77 -9
41 78 2
41 80 -12
41 83 -18
41 84 -7
41 86 11
41 90 -14
41 91 -3
41 92 5
41 98 -16
42 43 -2
42 44 0
42 45 19
42 46 8
42 49 -8
42 50 -2
42 52 -19
42 56 15
42 58 -11
42 60 -7
42 65 -13
42 71 -15
42 73 5
42 74 0
42 75 8
42 76 -18
42 80 9
42 81 -12
42 82 6
42 84 5
42 85 -18
42 87 -7
42 88 -17
42 92 0
42 96 -19
42 97 16
42 98 -1
42 99 -12
43 44 5
43 45 2
43 46 12
43 54 0
43 56 16
43 59 0
43 60 -13
43 61 5
43 62 1
43 64 -17
43 65 13
43 67 13
43 68 2
43 72 11
43 75 10
43 77 -18
43 78 -17
43 79 -17
43 82 17
43 83 3
43 85 -11
43 87 16
43 88 -13
43 91 -13
43 96 15
43 97 3
43 98 2
44 47 -13
44 49 18
44 51 -9
44 55 18
44 57 -5
44 58 13
44 59 14
44 60 2
44 62 13
44 64 7
44 65 15
44 68 17
44 69 -17
44 70 11
44 72 0
44 74 -4
44 75 -6
44 77 -8
44 80 -11
44 83 -2
44 85 -13
44 86 12
44 88 18
44 89 -10
44 92 7
44 94 0
44 97 10
44 98 14
45 49 -13
45 51 9
45 53 0
45 55 4
45 56 -2
45 58 10
45 59 2
45 60 -19
45 62 -19
45 63 -11
45 65 -3
45 66 10
45 69 18
45 70 -19
45 74 -10
45 77 0
45 78 11
45 79 17
45 82 1
45 87 1
45 89 -6
45 91 -16
45 95 -17
45 96 -18
46 47 2
46 49 2
46 58 -11
46 59 10
46 60 1
46 61 -6
46 63 -17
46 66 -4
46 68 -12
46 70 19
46 73 -9
46 75 -11
46 76 -5
46 78 -9
46 81 0
46 84 17
46 86 -9
46 87 16
46 89 16
46 90 -18
46 92 4
46 94 -9
46 95 11
46 97 14
46 99 -18
47 49 16
47 50 2
47 51 3
47 55 -14
47 56 17
47 58 -12
47 63 -12
47 64 18
47 66 -5
47 67 -9
47 68 6
47 69 18
47 70 -13
47 74 15
47 75 -18
47 76 0
47 78 -18
47 79 0
47 82 -7
47 85 0
47 86 -18
47 87 -1
47 90 -8
47 91 17
47 94 8
47 96 -12
47 97 0
47 99 18
48 49 19
48 50 -14
48 52 16
48 55 -3
48 58 3
48 60 11
48 61 5
48 62 -6
48 65 -13
48 66 15
48 68 13
48 72 -3
48 75 13
48 76 -12
48 79 -7
48 80 4
48 81 0
48 82 -15
48 83 -19
48 84 17
48 88 14
48 90 2
48 92 10
48 93 -5
48 94 1
48 95 16
48 96 -18
48 97 -5
48 98 -11
49 50 -15
49 51 -18
49 54 1
49 55 7
49 61 0
49 63 -13
49 64 12
49 65 -14
49 66 -2
49 72 12
49 75 -15
49 76 9
49 77 -13
49 78 4
49 80 -5
49 82 11
49 83 -6
49 88 -4
49 92 11
49 95 -17
49 96 16
49 97 -8
49 98 0
49 99 -14
50 51 12
50 53 -15
50 55 19
50 56 -18
50 57 4
50 60 -5
50 61 3
50 62 0
50 63 -9
50 64 -16
50 68 -7
50 69 7
50 70 -19
50 71 -9
50 73 9
50 74 -1
50 77 -4
50 79 -8
50 80 -2
50 86 -6
50 87 -6
50 88 -4
50 91 0
50 93 -12
50 96 15
50 97 1
51 54 18
51 56 -8
51 58 -6
51 62 4
51 64 -9
51 68 13
51 69 -6
51 70 -4
51 71 0
51 72 14
51 73 5
51 75 -4
51 76 0
51 77 -9
51 80 -7
51 81 -18
51 83 -13
51 84 -18
51 86 -9
51 87 1
51 88 3
51 89 -18
51 90 0
51 91 -10
51 92 -18
51 94 -14
51 99 -11
52 53 1
52 54 -13
52 56 2
52 57 0
52 60 1
52 61 -13
52 64 -6
52 65 -6
52 67 1
52 69 17
52 70 -7
52 71 -13
52 72 -15
52 73 -9
52 76 0
52 78 -8
52 80 -6
52 81 6
52 88 8
52 89 -17
52 92 -10
52 97 -4
52 99 -15
53 56 -6
53 58 -5
53 60 8
53 61 -4
53 63 -10
53 64 -19
53 66 -1
53 67 14
53 69 -10
53 72 -12
53 74 3
53 75 -14
53 76 -11
53 77 0
53 78 -11
53 82 4
53 83 8
53 85 -2
53 87 12
53 91 9
53 93 -14
53 96 12
53 97 8
54 58 -1
54 62 -2
54 63 16
54 64 -11
54 65 14
54 67 -8
54 68 -5
54 72 16
54 74 15
54 75 19
54 77 -9
54 78 0
54 85 7
54 86 -12
54 88 -5
54 89 16
54 90 12
54 94 5
54 96 9
54 99 4
55 58 0
55 59 -9
55 61 -16
55 64 -17
55 67 19
55 69 9
55 71 1
55 73 -12
55 74 2
55 75 -15
55 76 -10
55 79 -11
55 82 4
55 85 12
55 86 -14
55 88 -17
55 90 -14
55 94 4
55 96 1
55 97 4
56 58 13
56 62 -5
56 65 15
56 66 -14
56 69 -9
56 70 -4
56 72 -3
56 75 14
56 76 3
56 78 -15
56 90 -19
56 95 -2
56 96 -19
56 97 14
57 58 17
57 59 15
57 61 -1
57 64 17
57 65 -1
57 72 -16
57 74 5
57 75 15
57 76 -10
57 83 16
57 85 -7
57 86 19
57 88 9
57 89 -12
57 90 -6
57 91 3
57 94 -11
57 95 17
57 96 -13
57 99 -5
58 59 -12
58 60 6
58 61 -5
58 65 -7
58 67 15
58 69 10
58 70 2
58 72 -6
58 73 -6
58 74 -1
58 75 -5
58 77 -19
58 80 -2
58 81 12
58 86 -5
58 90 -16
58 92 6
58 95 4
58 96 -4
58 97 -6
58 98 4
59 63 6
59 66 -16
59 67 4
59 71 0
59 72 -16
59 73 -2
59 75 9
59 76 -18
59 79 18
59 80 0
59 82 -14
59 83 -9
59 85 -5
59 87 -1
59 90 17
59 92 5
59 93 -15
59 94 3
59 95 -5
59 96 -5
59 97 -9
59 98 -18
59 99 0
60 61 -17
60 62 18
60 63 15
60 64 15
60 65 -6
60 66 17
60 67 13
60 69 -2
60 70 1
60 71 4
60 74 0
60 75 2
60 79 -9
60 82 8
60 85 18
60 86 1
60 87 -14
60 88 2
60 89 -10
60 94 -12
60 96 7
60 99 4
61 68 0
61 72 10
61 74 -16
61 77 16
61 78 -16
61 81 10
61 83 3
61 85 -8
61 87 13
61 90 -8
61 91 4
61 93 -12
61 96 0
61 98 -18
62 64 -14
62 66 15
62 67 -13
62 72 5
62 81 -11
62 82 0
62 84 19
62 85 13
62 92 13
62 93 -3
62 95 -13
62 96 -3
62 98 2
62 99 -12
63 64 -12
63 69 -3
63 70 -2
63 72 -17
63 73 17
63 74 9
63 77 16
63 81 10
63 83 16
63 85 19
63 87 0
63 93 13
63 94 -12
63 96 -2
63 97 7
64 65 16
64 69 -11
64 72 13
64 73 18
64 74 -3
64 77 -18
64 78 0
64 79 -8
64 84 -19
64 85 8
64 86 0
64 90 2
64 93 -19
64 97 16
64 98 -2
64 99 -17
65 66 -5
65 71 15
65 72 12
65 73 4
65 74 -6
65 75 1
65 77 2
65 78 2
65 81 6
65 88 -9
65 90 -15
65 95 2
65 97 -11
65 98 7
65 99 -14
66 67 10
66 71 14
66 72 11
66 73 3
66 74 -3
66 78 11
66 79 -17
66 80 0
66 84 -14
66 85 -8
66 87 18
66 89 -16
66 93 -9
66 98 4
67 68 18
67 69 -7
67 72 -19
67 74 14
67 76 -6
67 77 19
67 79 5
67 81 19
67 82 -3
67 83 -5
67 89 -7
67 95 -10
67 97 -15
67 98 0
68 71 10
68 74 1
68 75 -3
68 76 6
68 77 -10
68 79 10
68 80 -10
68 82 10
68 83 16
68 88 12
68 90 8
68 95 2
68 96 -5
68 97 13
69 72 16
69 74 8
69 75 -5
69 77 -18
69 78 -1
69 80 -12
69 81 4
69 82 10
69 83 -6
69 87 -18
69 89 2
69 93 15
69 94 8
69 96 14
69 98 15
70 72 19
70 75 -3
70 77 -8
70 81 -10
70 82 11
70 83 16
70 84 1
70 85 19
70 88 -11
70 92 -15
70 95 -16
70 96 6
70 98 -12
71 72 0
71 76 -19
71 78 19
71 79 -12
71 80 -3
71 82 0
71 84 9
71 85 -10
71 88 0
71 89 -11
71 92 19
71 94 3
71 95 -14
71 96 -8
71 97 17
71 99 13
72 74 16
72 77 -9
72 78 -5
72 81 -7
72 82 1
72 87 5
72 88 -17
72 89 8
72 90 -13
72 92 9
72 93 -2
72 95 10
72 96 -18
72 97 9
72 98 4
73 75 -19
73 76 6
73 77 0
73 78 -17
73 80 7
73 84 -16
73 87 8
73 89 5
73 92 14
73 94 10
73 97 7
73 99 -18
74 75 0
74 76 0
74 77 15
74 78 0
74 82 -11
74 85 11
74 86 17
74 87 -12
74 90 3
74 91 13
74 96 -8
74 99 17
75 76 -3
75 80 5
75 82 14
75 83 14
75 85 -16
75 87 7
75 88 6
75 89 12
75 91 -5
75 92 -17
75 93 3
75 95 -11
75 98 12
76 78 0
76 82 18
76 86 15
76 88 9
76 89 3
76 90 1
76 91 18
76 92 -5
76 93 11
76 95 3
76 96 5
77 78 9
77 81 -17
77 82 13
77 83 -6
77 84 -2
77 88 -12
77 89 18
77 92 -17
77 94 -6
77 95 -5
77 96 8
78 79 -7
78 80 19
78 82 -17
78 83 15
78 87 -7
78 89 -3
78 90 10
78 91 -3
78 92 -6
78 93 -7
78 97 15
78 98 -15
79 80 -11
79 81 -12
79 82 16
79 87 1
79 88 -2
79 89 11
79 93 -9
79 94 3
79 95 -7
79 96 3
79 97 -6
79 98 15
79 99 -14
80 82 5
80 83 11
80 84 -14
80 87 -16
80 91 -5
80 92 12
80 95 -9
80 98 6
81 82 12
81 84 -7
81 86 -17
81 87 19
81 88 -7
81 94 -14
81 95 -10
81 96 -5
81 97 -3
81 99 19
82 85 0
82 87 -15
82 89 8
82 91 -15
82 95 8
82 97 -13
83 87 -13
83 90 -15
83 92 -13
83 95 -15
83 98 -8
84 86 14
84 87 -18
84 88 -17
84 89 -15
84 90 -14
84 91 -5
84 93 -11
84 95 9
84 99 -6
85 86 -3
85 89 -12
85 90 -16
85 92 14
85 93 -3
85 94 10
85 95 6
85 97 0
85 98 1
86 88 11
86 90 -5
86 93 -2
86 95 12
87 88 -15
87 89 16
87 92 -7
87 97 -11
87 98 19
88 92 -6
88 93 0
88 94 -3
88 95 -6
88 97 -7
89 90 -4
89 91 9
89 92 17
89 94 0
89 96 -2
89 98 7
89 99 -11
90 94 9
90 98 6
90 99 7
91 93 16
91 97 -2
92 93 -14
92 96 8
92 99 13
93 95 -19
93 96 15
93 97 -2
93 99 19
94 95 2
94 97 12
94 98 -16
95 97 12
95 98 -6
96 97 -9
98 99 15
