1000 5072
0 114 -74
0 273 83
0 359 27
0 389 20
0 812 79
0 981 52
0 987 42
1 84 -39
1 192 18
1 268 59
1 412 31
1 461 -11
1 558 55
1 800 42
1 904 -79
1 972 6
1 985 -85
2 182 -29
2 190 10
2 218 -49
2 543 -34
2 574 13
2 722 -46
2 838 33
2 852 18
2 875 92
3 112 -93
3 285 -85
3 411 13
3 424 56
3 470 -77
3 491 -3
3 610 -63
3 643 -65
3 671 -9
3 732 -95
3 847 13
3 909 -31
4 20 -14
4 77 85
4 226 -1
4 238 59
4 276 85
4 496 -65
5 23 -78
5 225 90
5 266 41
5 323 21
5 497 22
5 500 44
5 517 -69
5 574 74
5 590 46
5 637 76
5 643 57
5 687 67
5 749 23
5 830 -91
5 915 11
5 938 -91
5 946 -8
6 51 80
6 56 47
6 90 -83
6 129 -35
6 187 94
6 489 -85
6 749 -31
6 794 27
6 838 -41
6 887 17
6 987 43
7 104 11
7 191 94
7 195 -52
7 198 84
7 332 59
7 360 59
7 378 -69
7 530 96
7 567 -7
7 625 -50
7 761 -5
7 971 -21
8 34 -14
8 218 59
8 290 -71
8 352 39
8 389 29
8 441 -23
8 589 -36
8 622 -74
8 980 62
8 997 8
8 999 20
9 38 10
9 306 -52
9 344 88
9 380 -32
9 464 -73
9 524 79
9 611 13
9 771 -95
9 823 6
9 826 40
9 879 80
9 980 -57
10 264 -76
10 350 -94
10 429 -48
10 733 59
10 896 27
11 22 88
11 37 26
11 38 -84
11 66 -79
11 102 40
11 106 30
11 255 -16
11 568 40
11 614 -95
11 684 -2
11 785 59
11 830 -93
11 909 -5
11 975 -72
12 32 -83
12 158 -94
12 363 29
12 383 42
12 482 -91
12 499 90
12 549 -49
12 620 51
12 757 -80
13 24 4
13 107 34
13 148 -37
13 197 -5
13 204 -14
13 277 -91
13 302 -85
13 371 -99
13 801 -84
13 930 17
13 995 16
14 254 -59
14 326 63
14 362 -62
14 410 11
14 481 87
14 661 52
14 903 98
14 950 -75
14 957 70
14 976 -90
15 435 80
15 531 -32
15 541 19
15 549 62
15 581 1
15 622 -15
15 722 32
15 774 68
15 780 64
15 835 -25
15 849 82
15 961 75
15 985 -85
16 24 -79
16 44 -38
16 62 52
16 169 -34
16 303 19
16 546 6
16 572 -89
16 771 -23
16 840 -44
16 884 63
17 165 45
17 300 64
17 340 -96
17 426 53
17 436 28
17 508 -23
17 764 89
17 908 18
18 62 -45
18 171 49
18 272 17
18 310 14
18 384 31
18 414 -68
18 462 -60
18 503 -45
18 539 62
18 552 74
18 698 41
18 884 -92
18 967 -23
19 259 -43
19 364 82
19 389 -44
19 448 -74
19 494 20
19 544 51
19 636 16
19 697 -67
19 727 -93
19 823 90
19 849 79
19 912 -61
20 178 91
20 343 94
20 489 -81
20 592 4
20 757 -47
20 802 -99
20 818 -67
20 851 -21
20 887 69
20 893 46
21 152 -53
21 153 -41
21 213 -44
21 215 -17
21 232 -54
21 308 45
21 384 67
21 438 -77
21 588 10
21 620 98
21 671 37
21 881 -44
22 33 50
22 121 20
22 128 -24
22 192 25
22 265 57
22 312 78
22 482 -8
22 519 -57
22 538 29
22 653 -78
22 917 28
22 934 45
23 37 -14
23 123 -49
23 468 98
23 472 -76
23 486 -71
23 503 49
23 690 -72
23 934 -46
23 967 21
24 187 29
24 331 88
24 489 -13
24 623 -55
24 634 -79
24 809 29
25 69 -32
25 282 -54
25 316 37
25 456 98
25 506 -29
25 544 -47
25 583 6
25 687 63
25 716 63
25 932 -11
25 956 36
26 86 92
26 422 0
26 534 -74
26 675 60
26 745 -93
26 830 -24
27 80 26
27 81 -72
27 205 5
27 386 -13
27 483 -79
27 525 -19
27 674 98
27 695 -95
27 883 18
28 131 -56
28 235 -12
28 431 7
28 506 5
28 563 65
28 890 95
28 928 -46
29 55 27
29 145 -96
29 152 -95
29 159 -96
29 286 62
29 541 -69
29 588 -4
29 666 56
29 688 71
29 857 -17
30 144 82
30 151 -59
30 310 37
30 334 -50
30 461 3
30 462 11
30 469 -83
30 586 92
30 678 -95
30 814 51
30 945 46
31 65 49
31 84 -49
31 163 22
31 288 -28
31 298 -84
31 460 95
31 521 -9
31 655 -46
31 661 20
31 710 -61
31 726 72
31 930 6
32 126 59
32 268 58
32 308 -8
32 526 81
32 537 72
32 570 -25
32 730 -8
32 843 -79
32 871 -16
33 48 34
33 149 36
33 185 50
33 585 -53
33 599 -51
33 684 -18
33 962 58
34 38 35
34 61 -91
34 84 57
34 114 14
34 212 -31
34 226 35
34 236 -38
34 240 -6
34 314 -92
34 330 86
34 465 -57
34 595 -43
34 894 -16
34 918 -27
34 924 -10
34 967 -80
35 99 -49
35 307 -72
35 413 48
35 801 -20
35 821 38
35 827 -33
35 833 15
35 909 -65
36 169 27
36 216 -87
36 333 -34
36 360 30
36 375 -99
36 567 -89
36 783 74
36 825 -47
36 956 -23
36 962 46
36 966 -78
37 73 -49
37 216 -3
37 244 -97
37 300 29
37 306 -66
37 655 6
37 675 -13
37 761 -38
37 818 26
38 170 -81
38 292 -50
38 306 -26
38 442 40
38 620 -20
38 668 59
38 678 -45
38 691 -44
38 692 -79
38 744 -41
38 907 46
38 971 -20
39 128 -51
39 134 82
39 146 -70
39 391 47
39 396 10
39 550 12
39 619 -80
39 777 22
39 837 -57
39 882 -74
39 900 -73
39 941 -42
40 113 -14
40 265 -83
40 353 84
40 555 -28
40 557 46
40 579 -34
40 656 87
41 63 95
41 204 -83
41 286 0
41 448 98
41 531 -81
41 534 -46
41 539 -81
41 680 92
41 763 -88
41 768 -90
41 801 27
41 815 -10
41 866 47
41 941 72
41 984 34
42 152 -5
42 257 -56
42 400 -17
42 463 93
42 547 11
42 571 -76
42 590 96
42 663 19
42 668 -34
42 717 97
43 427 33
43 501 18
43 563 -53
43 668 -80
43 767 85
43 904 -11
43 929 38
44 56 -95
44 103 -67
44 134 88
44 194 -97
44 229 66
44 265 23
44 288 -90
44 359 -60
44 490 56
44 518 -32
44 566 10
45 129 45
45 195 -66
45 204 -48
45 348 -14
45 416 -88
45 522 -76
45 523 -7
45 614 59
45 648 -58
45 770 76
45 784 5
45 990 13
46 236 -69
46 262 8
46 276 47
46 322 -65
46 427 -84
46 453 -84
46 682 90
46 804 46
47 137 -41
47 144 -72
47 274 68
47 336 62
47 339 -90
47 477 -78
47 535 60
47 586 -35
47 603 -76
47 692 77
47 710 -96
47 737 -66
48 156 78
48 321 -56
48 515 -86
48 648 -36
48 858 8
48 987 72
49 90 10
49 126 -23
49 338 59
49 453 -87
49 541 90
49 586 -60
49 619 -21
49 759 -47
49 897 37
49 930 83
50 172 36
50 201 13
50 261 -56
50 346 -3
50 506 -36
50 569 23
50 632 -39
50 705 -98
50 737 -67
50 809 0
50 829 -48
51 157 -79
51 203 -64
51 331 -18
51 362 -13
51 387 35
51 398 40
51 758 -65
52 178 -30
52 206 93
52 243 96
52 275 -64
52 630 -40
52 649 -78
52 679 3
52 936 -90
53 369 -72
53 445 -38
53 523 63
53 597 -30
53 748 -31
53 790 24
53 846 73
53 869 83
53 883 16
54 123 79
54 157 54
54 171 -63
54 175 -38
54 278 99
54 544 20
54 594 46
54 626 39
54 689 -98
55 90 58
55 157 18
55 473 96
55 494 -94
55 722 -62
55 954 28
56 85 30
56 307 -43
56 380 -86
56 670 -53
56 675 32
56 728 65
56 798 93
56 920 47
56 976 -49
57 121 0
57 145 83
57 214 -75
57 464 -6
57 607 -86
57 623 16
57 628 -75
57 672 -75
57 933 2
57 945 90
58 66 -55
58 92 -39
58 107 9
58 196 15
58 386 96
58 449 64
58 549 98
58 677 23
58 734 77
58 780 -19
58 804 -16
58 855 -13
58 991 70
59 69 12
59 105 -62
59 355 -51
59 523 47
59 621 50
59 687 24
59 689 77
59 799 29
59 837 -22
59 871 -45
59 905 3
59 932 9
60 286 30
60 302 -23
60 421 -9
60 626 63
60 805 68
60 852 -29
60 855 94
60 947 -78
61 74 -29
61 169 16
61 194 -60
61 241 21
61 269 -63
61 320 -1
61 694 -85
61 737 72
61 831 21
61 938 67
61 947 -57
61 975 0
62 315 94
62 635 36
62 779 -80
62 797 82
62 929 -44
63 187 55
63 194 2
63 300 5
63 440 -48
63 712 98
63 749 -35
63 897 -98
63 917 -48
63 973 87
64 174 -98
64 205 -34
64 300 -72
64 367 57
64 563 3
64 569 -85
64 647 -15
64 916 5
65 307 11
65 353 25
65 650 69
65 686 -99
65 821 -80
65 854 64
65 905 92
65 947 71
66 117 -74
66 119 91
66 372 -38
66 405 -5
66 667 -67
66 916 -65
66 992 -47
67 508 65
67 519 -23
67 766 75
67 840 -3
67 923 -53
68 97 32
68 217 60
68 279 -33
68 340 7
68 435 82
68 438 -3
68 570 -30
68 571 51
68 648 -86
68 815 -79
69 111 42
69 246 -29
69 411 99
69 525 -55
69 546 76
69 567 95
69 910 -66
69 912 -14
69 930 -86
70 171 18
70 345 -97
70 362 -41
70 365 68
70 434 -6
70 726 -76
70 852 23
70 857 -6
70 914 -63
70 959 1
70 989 -89
70 999 73
71 228 49
71 259 -77
71 398 -63
71 641 -42
71 648 -15
71 784 14
72 151 -76
72 279 -13
72 362 -47
72 511 -85
72 529 -21
72 824 -17
72 833 -53
72 994 47
73 112 -21
73 210 -98
73 245 18
73 250 56
73 340 12
73 539 48
73 560 -64
73 611 95
73 645 93
73 673 25
73 742 65
73 982 17
73 998 71
74 95 88
74 154 26
74 189 79
74 193 99
74 319 -38
74 451 -53
74 497 3
74 752 -60
74 863 -79
74 892 -41
74 930 31
75 185 -75
75 266 33
75 373 -16
75 747 62
75 842 -24
75 851 -99
76 346 99
76 408 68
76 462 45
76 551 4
76 566 -76
76 572 -88
76 671 30
76 709 -13
76 795 93
76 813 -69
76 841 6
77 130 24
77 239 -1
77 310 3
77 362 -11
77 407 63
77 524 -27
77 534 3
77 558 -77
77 591 17
77 599 -6
77 714 11
77 853 50
78 201 -74
78 202 44
78 477 -85
78 584 68
78 910 57
78 961 66
79 96 -6
79 179 38
79 230 88
79 242 -85
79 312 39
79 317 56
79 478 68
79 491 -1
79 501 20
79 832 11
79 863 2
79 897 29
79 975 -74
80 152 -76
80 199 56
80 282 11
80 332 51
80 333 42
80 337 -11
80 377 1
80 399 24
80 442 -15
80 553 98
80 646 -69
80 784 7
80 999 -96
81 127 -3
81 162 91
81 208 -42
81 217 -38
81 350 97
81 385 -1
81 482 64
81 581 -95
81 742 51
81 778 -17
81 884 -80
81 929 89
81 950 48
82 121 78
82 335 40
82 416 -27
82 596 -14
82 682 -84
82 752 58
83 337 83
83 439 -35
83 494 57
83 510 -59
83 853 -3
84 245 48
84 266 -12
84 320 86
84 457 58
84 484 82
84 544 32
84 610 -83
84 694 -81
84 954 98
85 167 -39
85 262 17
85 480 -30
85 532 66
85 550 -15
85 612 -83
85 717 -36
85 843 68
86 117 -2
86 311 5
86 343 -18
86 411 -76
86 412 -96
86 495 93
86 519 -57
86 637 4
86 640 51
86 742 20
86 883 58
86 994 -6
87 171 42
87 277 50
87 374 24
87 439 31
87 498 90
87 517 -82
87 577 -55
87 586 -76
87 779 4
87 800 10
88 200 -21
88 249 95
88 307 -18
88 363 85
88 685 -57
88 716 65
88 846 6
88 923 21
88 989 57
89 144 5
89 176 -51
89 324 -63
89 350 0
89 423 -86
89 484 -66
89 527 -96
89 560 90
89 626 17
89 627 -61
89 717 -83
89 842 31
90 204 -35
90 223 35
90 326 70
90 386 18
90 604 -24
90 605 -31
90 628 14
90 743 -14
90 766 -12
90 871 -95
91 164 -61
91 203 -91
91 241 -71
91 276 54
91 351 32
91 366 -77
91 387 30
91 440 74
91 565 -70
91 750 -55
92 121 -42
92 180 -60
92 203 -61
92 350 53
92 553 -19
92 767 33
92 987 28
93 103 62
93 125 38
93 175 9
93 270 33
93 395 -54
93 630 -52
93 659 67
93 742 -14
93 792 -40
94 149 -34
94 257 56
94 285 15
94 368 -77
94 410 97
94 470 -76
94 676 89
94 741 53
95 346 50
95 617 -79
95 767 -61
95 781 67
95 816 -92
95 998 -82
96 121 -49
96 416 -37
96 603 -66
96 617 41
96 676 -98
96 909 81
96 927 -43
96 965 -64
97 147 73
97 252 73
97 627 83
97 651 -72
97 667 -55
97 810 -85
97 823 -24
97 910 30
97 942 -64
98 298 -45
98 500 -65
98 548 -41
98 571 86
98 904 51
98 944 -87
99 177 22
99 218 -6
99 247 88
99 349 82
99 468 0
99 496 -14
99 504 -92
99 506 -13
99 966 3
100 143 -72
100 241 -72
100 275 75
100 544 -80
100 573 73
100 600 4
100 778 21
100 792 -27
101 196 15
101 252 -13
101 334 31
101 390 -89
101 398 -24
101 434 70
101 440 -23
101 457 33
101 520 -10
101 531 97
101 550 -62
101 558 86
101 585 72
101 674 -16
101 682 88
101 769 19
101 794 58
102 217 -68
102 331 7
102 370 -38
102 397 -87
102 599 79
102 814 57
102 918 -88
102 967 -46
103 178 -94
103 222 18
103 339 81
103 479 14
103 574 -79
103 735 2
103 750 2
103 779 99
103 987 4
103 994 -67
104 186 91
104 197 54
104 240 31
104 296 -76
104 342 94
104 583 61
104 731 50
104 795 26
104 856 -11
105 135 55
105 139 48
105 245 61
105 249 -42
105 408 83
105 416 57
105 553 63
105 761 22
105 887 50
106 118 41
106 149 -64
106 204 74
106 217 38
106 248 -22
106 387 -26
106 529 3
106 595 70
106 707 5
106 715 -80
106 751 68
106 754 34
106 863 59
106 902 -52
106 981 -68
107 122 -6
107 184 -16
107 197 -52
107 277 -26
107 420 49
107 618 -15
107 623 -40
107 701 -75
107 859 -61
108 122 -26
108 198 27
108 334 57
108 371 -73
108 547 -78
108 697 59
108 755 -84
108 756 -56
108 959 40
109 208 -42
109 486 -44
109 608 71
109 680 89
109 766 95
109 786 8
109 958 -76
110 302 -10
110 387 22
110 469 57
110 668 58
110 748 -32
110 791 -95
111 303 -83
111 362 -71
111 379 -37
111 437 -48
111 515 -77
111 522 30
111 567 2
111 570 65
111 574 28
111 678 93
111 724 98
111 807 -98
111 935 -83
112 174 18
112 203 92
112 310 -7
112 486 -12
112 558 13
112 948 62
113 330 -14
113 831 28
114 134 -69
114 161 84
114 221 22
114 511 25
114 555 97
114 612 46
114 718 -44
114 748 16
114 978 75
115 129 -93
115 416 78
115 496 5
115 504 36
115 564 -54
115 593 -75
115 606 51
115 642 -94
115 647 81
115 695 -72
115 721 56
115 765 -92
116 125 45
116 169 33
116 364 -11
116 454 -70
116 815 37
116 891 20
116 934 -95
117 282 63
117 291 71
117 413 -5
117 699 -25
117 759 20
118 144 -69
118 202 37
118 258 5
118 384 88
118 541 -86
118 564 -45
118 584 -25
118 643 95
118 719 1
118 941 -63
118 945 -78
118 992 90
119 134 73
119 262 0
119 267 -69
119 388 95
119 552 -67
119 798 -4
119 842 57
119 936 -87
119 937 83
120 307 -28
120 341 65
120 362 26
120 408 25
120 490 28
120 495 40
120 522 92
120 537 -68
120 760 77
120 811 -91
120 889 28
120 958 82
120 964 24
121 184 -61
121 210 2
121 216 12
121 347 63
121 373 79
121 476 81
121 550 38
121 687 10
121 762 51
121 793 29
121 971 50
121 999 -57
122 155 42
122 157 -6
122 242 72
122 447 62
122 451 56
122 467 -26
122 977 -6
123 212 83
123 275 -42
123 338 -78
123 390 88
123 526 44
123 527 -97
123 599 -19
123 737 7
123 779 87
123 861 -21
123 868 9
123 953 -19
124 282 38
124 363 32
124 378 -66
124 396 -62
124 428 19
124 552 -11
124 607 -29
124 638 43
124 695 -18
124 758 -76
125 173 -96
125 237 6
125 247 -18
125 268 68
125 380 -67
125 382 0
125 448 -76
125 486 -91
125 610 -4
125 766 -55
125 787 -84
125 830 52
125 835 38
125 891 -10
125 920 -11
126 186 38
126 189 -18
126 396 -12
126 554 64
126 572 -19
126 690 40
126 855 69
126 867 -21
126 878 96
126 879 -7
127 187 8
127 332 -52
127 413 43
127 499 79
127 690 -38
127 702 38
127 778 87
127 911 64
128 133 -55
128 317 -36
128 426 -15
128 482 -22
128 494 30
128 531 46
128 544 -52
128 656 44
128 675 -9
128 678 13
128 737 -96
128 757 0
128 932 -32
129 143 -67
129 295 -16
129 391 47
129 473 98
130 252 25
130 276 -61
130 332 -1
130 357 13
130 572 69
130 598 -40
130 763 -52
130 843 75
130 905 -67
130 919 54
130 941 -33
131 291 12
131 389 42
131 553 -18
131 581 38
131 697 85
131 728 -8
131 854 -26
131 915 -41
132 161 -17
132 260 87
132 305 -8
132 493 -68
132 615 -96
132 717 15
132 766 88
132 836 98
132 837 -22
132 851 -70
132 852 0
132 867 40
132 873 17
132 880 88
132 935 -53
133 269 12
133 348 -79
133 422 -27
133 497 -99
133 527 -35
133 996 -2
134 177 83
134 306 38
134 322 52
134 324 -29
134 502 -80
134 520 -81
134 521 58
134 682 66
134 693 99
134 705 19
134 810 -90
134 893 77
135 148 45
135 179 10
135 289 -57
135 379 91
135 468 27
135 543 -70
135 595 60
135 639 -96
135 747 34
135 772 71
135 810 79
135 812 -45
135 825 -76
135 916 0
135 939 -98
135 965 -51
136 225 -20
136 358 -2
136 379 94
136 467 -1
136 501 56
136 544 7
136 735 -43
136 785 41
136 935 67
137 284 7
137 402 -8
137 683 -83
137 800 -6
137 867 11
138 163 70
138 326 -26
138 665 60
138 940 -77
139 157 -4
139 333 36
139 469 -76
139 484 62
139 517 -44
139 654 -64
139 703 5
139 742 -24
139 751 -68
139 827 9
139 947 22
139 980 3
140 157 26
140 240 -72
140 252 17
140 375 59
140 424 74
140 432 31
140 498 29
140 506 -93
140 597 -44
140 989 -35
141 210 -93
141 226 65
141 365 32
141 416 37
141 558 38
141 596 94
141 671 5
141 708 25
141 745 -53
141 982 90
142 151 88
142 330 71
142 382 -4
142 408 -21
142 428 -99
142 462 73
142 534 27
142 564 -7
142 626 0
142 745 -67
142 763 21
142 834 85
142 928 14
142 979 -81
143 321 -41
143 366 -16
143 449 55
143 487 67
143 527 -12
143 834 55
144 325 61
144 619 62
144 623 17
144 625 -80
144 702 31
144 806 54
144 974 42
145 206 -37
145 340 25
145 402 -62
145 409 48
145 516 77
145 565 81
145 584 -62
145 703 59
145 728 -24
145 750 0
145 766 -43
145 801 25
145 803 -55
145 844 -87
146 148 35
146 301 -69
146 393 84
146 444 96
146 455 -52
146 484 31
146 719 64
146 891 -41
146 924 -45
146 963 -61
147 255 73
147 328 -70
147 354 -73
147 407 -71
147 424 60
147 498 -42
147 564 -82
147 656 34
147 660 -15
147 794 42
148 340 32
148 441 29
148 519 58
148 802 6
148 824 -51
149 265 80
149 304 9
149 315 41
149 517 -99
149 560 6
149 578 -63
149 995 -25
150 165 79
150 317 84
150 511 86
150 543 95
150 621 -73
150 659 89
150 672 -80
150 694 9
150 750 3
150 754 -21
150 941 -1
151 152 -90
151 372 80
151 375 21
151 391 24
151 410 7
151 534 51
151 632 70
151 689 -37
151 765 62
151 845 64
152 198 -38
152 409 -36
152 469 81
152 567 60
152 598 6
152 969 -76
153 233 76
153 259 -9
153 507 -22
153 597 73
153 766 -82
153 829 69
153 843 0
153 912 4
153 932 23
153 934 58
154 217 -88
154 475 -51
154 495 1
154 598 -21
154 642 79
154 667 60
154 694 -81
154 737 -19
154 987 44
155 431 3
155 484 -49
155 492 2
155 603 -70
155 741 -79
155 770 -99
155 812 14
155 823 61
155 838 -6
155 841 52
155 964 -77
156 338 23
156 405 76
156 608 34
156 870 19
156 876 55
156 918 -73
156 936 68
156 945 8
157 164 70
157 170 -17
157 233 -85
157 277 -75
157 306 -45
157 434 -55
157 491 4
157 523 51
157 549 -16
157 624 18
157 846 33
158 234 57
158 491 -40
158 522 52
158 638 1
158 649 -68
158 689 16
158 792 -94
158 919 74
159 160 -36
159 415 12
159 547 -48
159 551 -97
159 604 23
159 673 29
159 713 33
159 732 -23
159 912 71
159 933 -82
160 196 -44
160 432 -5
160 443 60
160 473 -13
160 554 -26
160 818 -42
160 964 -33
160 970 43
160 992 66
161 197 -81
161 249 -77
161 376 37
161 405 78
161 444 -58
161 473 12
161 514 -60
161 546 72
161 792 -33
161 794 -69
161 821 36
161 822 -93
161 839 46
162 181 -92
162 264 68
162 400 -4
162 472 -16
162 515 -50
162 616 -85
162 687 -63
162 793 -24
162 853 64
163 274 13
163 294 39
163 623 92
163 777 43
163 842 29
163 962 92
164 195 28
164 280 48
164 363 -73
164 498 -69
164 506 19
164 547 62
164 824 32
164 858 40
164 984 60
165 353 83
165 525 68
165 584 12
165 668 61
165 797 52
165 882 -86
166 266 93
166 321 92
166 362 -27
166 536 95
166 626 -55
166 811 53
166 823 93
166 865 39
166 952 -78
167 220 -70
167 231 -53
167 372 -46
167 405 -59
167 632 -83
167 761 84
167 777 32
167 789 -70
167 814 32
167 894 48
167 921 -19
167 999 92
168 193 -2
168 244 -78
168 338 -69
168 366 47
168 427 -23
168 496 -4
168 615 38
168 648 -27
168 691 41
168 961 56
169 201 30
169 433 32
169 596 66
169 699 15
169 703 91
169 727 -61
169 736 23
169 826 -79
169 902 80
169 942 -63
169 957 8
170 251 -1
170 311 -74
170 366 13
170 451 -52
170 454 12
170 499 -28
170 510 -45
170 539 13
170 553 -13
170 819 93
170 863 -63
170 964 95
170 984 84
171 194 -18
171 551 99
171 641 -99
171 955 -88
172 273 -26
172 275 -18
172 326 25
172 334 -47
172 341 -68
172 482 76
172 726 -41
172 794 10
172 808 -47
173 364 31
173 365 89
173 396 32
173 553 24
173 617 64
173 644 -14
173 658 27
173 711 -28
173 767 -72
174 323 87
174 373 96
174 436 -12
174 462 65
174 507 43
174 599 99
174 755 43
175 369 -12
175 430 11
175 474 -57
175 562 -13
175 649 13
175 777 85
175 876 -21
176 251 91
176 254 5
176 318 9
176 393 -31
176 449 -19
176 559 34
176 587 -40
176 840 -15
177 287 -64
177 397 55
177 772 69
177 894 -91
177 935 16
178 318 -15
178 377 -98
178 378 71
178 422 -36
178 535 -6
178 554 55
178 578 -18
178 678 -1
178 979 -22
179 198 -28
179 239 -38
179 406 0
179 431 -95
179 461 -50
179 560 69
179 678 97
179 751 -73
179 900 72
180 354 68
180 379 -99
180 494 95
180 647 21
180 787 97
180 878 15
180 889 -14
180 893 -27
180 904 -30
180 970 -16
181 266 -79
181 295 2
181 323 -25
181 428 -60
181 446 -68
181 680 44
181 732 -65
181 783 -20
181 963 -1
182 243 -42
182 370 -98
182 583 67
182 624 69
182 788 13
183 340 -35
183 462 99
183 636 78
183 906 55
183 942 8
184 484 40
184 625 -64
185 213 23
185 260 -37
185 266 -52
185 269 -11
185 421 46
185 603 -36
185 820 95
185 829 15
185 845 -17
185 913 -25
186 209 62
186 277 -71
186 278 32
186 418 30
186 610 26
186 725 -37
186 815 87
186 823 31
186 911 -96
186 935 45
187 222 7
187 370 -64
187 459 -74
187 652 -33
187 906 96
187 970 89
188 256 -19
188 270 42
188 280 -65
188 461 83
188 465 2
188 533 98
188 642 -97
188 767 68
188 810 -31
188 848 45
188 864 -55
188 870 -81
188 996 -88
189 279 7
189 386 -85
189 558 73
190 236 -35
190 400 99
190 480 37
190 571 -23
190 769 60
190 771 71
190 871 -71
190 908 6
190 926 0
190 943 -27
191 209 -77
191 295 49
191 436 74
191 510 -66
191 529 -88
191 658 -34
191 690 -88
191 701 48
191 738 -22
191 983 54
191 997 6
192 248 75
192 292 -97
192 300 -10
192 450 -96
192 516 42
192 553 57
192 638 -44
192 676 -71
192 836 10
192 966 6
193 266 9
193 325 -29
193 354 -58
193 383 -69
193 474 21
193 514 -49
193 531 10
193 879 20
193 913 -8
193 980 -39
193 993 61
194 226 -14
194 693 -85
194 772 77
194 872 38
195 298 3
195 319 84
195 340 60
195 458 -33
195 470 1
195 731 -29
195 855 -82
195 856 59
195 896 -29
196 328 -39
196 393 10
196 552 19
196 554 29
196 668 -78
196 697 -9
196 742 -63
196 848 -1
196 929 36
196 949 95
197 256 78
197 280 12
197 301 -75
197 329 25
197 410 -3
197 559 -57
197 725 -14
197 737 -43
197 747 57
197 974 37
198 292 -20
198 332 49
198 415 1
198 542 6
198 603 -98
198 777 83
199 215 -2
199 256 -67
199 259 -3
199 349 -46
199 461 17
199 500 0
199 574 -46
199 616 -76
199 724 21
199 756 97
199 822 35
200 222 37
200 422 30
200 481 30
200 495 70
200 545 72
200 590 50
200 609 -16
200 747 52
200 962 -72
200 985 83
201 202 56
201 355 64
201 472 -65
201 482 32
201 621 -72
201 764 -26
201 832 -87
201 859 -86
201 981 63
202 265 24
202 517 -74
202 717 -29
202 826 -68
203 256 -93
203 263 -20
203 473 64
203 498 29
203 727 -60
204 216 -31
204 557 -88
204 611 15
204 705 53
204 967 -49
205 315 -22
205 365 -71
205 377 -28
205 385 9
205 523 14
205 524 52
205 622 18
205 629 -98
205 658 73
205 694 17
205 875 70
205 912 -32
205 988 -17
206 497 31
206 503 71
206 558 -41
206 664 -41
206 762 -75
206 792 99
206 862 60
206 934 8
207 259 -42
207 318 62
207 461 -56
207 504 22
207 669 16
207 778 -14
207 817 94
207 883 32
207 996 34
208 376 19
208 400 -39
208 440 64
208 619 2
208 659 -36
208 811 98
208 934 28
208 940 13
208 958 7
208 979 -94
209 439 -61
209 500 -58
209 862 -94
209 964 -20
209 998 43
210 221 -21
210 224 -53
210 287 34
210 359 55
210 386 -88
210 431 87
210 435 54
210 528 -52
210 574 -94
210 598 -72
210 688 90
210 710 -37
210 747 59
210 812 62
210 849 -89
210 858 73
211 256 -49
211 285 5
211 459 -96
211 532 87
211 632 59
211 722 -89
211 774 15
211 809 16
211 911 72
212 259 31
212 346 66
212 434 -12
212 436 82
212 449 -80
212 480 83
212 808 38
212 867 55
213 219 18
213 228 25
213 257 31
213 485 -5
213 512 -15
213 539 -30
213 641 29
213 860 23
213 915 44
213 976 75
214 231 35
214 439 0
214 449 -11
214 641 8
214 816 -96
214 822 -92
214 934 38
215 417 51
215 522 61
215 587 -23
215 664 92
215 896 -6
216 382 43
216 451 20
216 462 34
216 621 -31
217 294 -33
217 456 -13
217 475 -81
217 498 -44
217 601 -28
217 616 -85
217 775 24
217 828 9
217 855 36
217 939 -18
217 953 -4
217 958 84
218 222 -86
218 385 71
218 597 2
218 852 -59
218 879 -51
219 329 -82
219 385 14
219 435 95
219 450 -59
219 566 -79
219 715 -84
220 456 -89
220 471 29
220 691 -52
220 708 74
220 798 -56
220 853 69
220 923 69
220 956 -21
221 334 -94
221 362 64
221 425 78
221 596 16
221 692 52
221 726 -82
221 867 -61
221 918 -53
222 320 64
222 329 -84
222 351 -33
222 354 47
222 590 -70
222 829 22
222 847 87
222 948 42
223 298 -32
223 582 56
223 766 42
223 849 7
223 859 45
223 922 94
223 940 6
223 991 56
223 998 -45
224 328 96
224 370 58
224 527 55
224 676 45
224 730 -51
224 748 -90
224 786 -22
224 857 -78
224 930 13
225 266 -79
225 288 59
225 398 -85
225 618 -35
225 714 -46
225 730 -88
225 800 -38
225 860 -9
225 873 -86
225 894 -73
226 286 4
226 405 -8
226 499 30
226 573 -48
226 577 10
226 581 -70
226 654 6
226 845 18
227 291 -99
227 437 -32
227 784 -69
227 814 -52
227 845 24
227 889 52
228 338 82
228 342 57
228 459 -43
228 585 48
228 633 43
228 665 -55
228 890 63
228 960 -29
229 336 64
229 389 1
229 425 15
229 778 65
229 958 38
230 397 59
230 611 -4
230 725 98
230 929 -5
230 936 -6
230 949 68
231 771 14
231 790 99
231 946 -56
232 334 -34
232 357 64
232 538 34
233 250 62
233 281 68
233 323 33
233 347 -47
233 366 81
233 614 -41
233 763 -40
233 865 95
234 310 12
234 558 94
234 579 -45
234 708 13
234 905 -44
235 236 -51
235 333 77
235 370 82
235 613 -21
235 644 29
235 663 26
235 711 55
235 764 25
235 795 -73
235 900 55
235 953 40
235 991 16
236 460 51
236 511 47
236 596 50
236 710 63
236 935 -10
237 332 90
237 336 -82
237 721 -17
237 810 -41
237 849 -98
238 240 -27
238 352 -96
238 451 -59
238 510 99
238 519 5
238 622 -19
238 694 -66
238 773 69
238 837 56
239 243 -6
239 272 -2
239 291 -60
239 402 -70
239 462 84
239 487 74
239 763 85
239 895 -13
239 924 60
240 249 -17
240 294 38
240 302 -44
240 349 -24
240 456 49
240 502 -74
240 618 9
240 708 -23
240 745 12
240 769 -49
240 855 -57
240 946 -74
241 420 -96
241 708 91
242 360 -7
242 383 -91
242 541 -36
242 583 -9
242 604 95
242 610 36
242 749 -72
242 883 -38
242 921 -49
242 999 -25
243 336 -70
243 461 -21
243 695 -74
243 725 -63
243 850 -79
243 961 -13
244 416 13
244 486 -30
244 555 78
244 628 -90
244 689 -88
244 720 25
244 774 58
244 817 50
245 323 -89
245 404 -56
245 572 52
245 652 36
245 842 39
245 901 -96
246 335 -2
246 361 70
246 405 -74
246 472 -42
246 606 54
246 859 -3
246 901 6
246 972 9
247 373 36
247 399 80
247 436 4
247 451 97
247 452 86
247 529 -17
247 532 34
247 571 -93
247 642 38
247 655 -41
247 659 87
247 670 -33
247 691 -16
247 746 -25
247 824 -22
247 934 78
248 257 73
248 357 -73
248 607 -75
248 661 -55
248 742 -70
248 757 -8
248 907 80
248 963 94
249 275 39
249 321 84
249 338 -52
249 387 -51
249 508 -67
249 687 -89
249 788 89
249 849 -94
249 954 10
250 319 4
250 457 63
250 526 -99
250 706 -97
250 975 97
250 980 -49
251 314 -22
251 420 -67
251 427 88
251 543 15
251 648 -45
251 652 -67
251 684 -72
251 714 1
251 949 78
251 974 -8
252 263 -57
252 326 61
252 332 -17
252 380 -37
252 385 -61
252 477 -93
252 554 -25
252 750 -80
252 904 -50
253 341 -66
253 387 20
253 441 -25
253 620 71
253 761 73
253 798 -87
253 827 79
253 863 -10
254 331 72
254 434 32
254 526 70
254 587 29
254 653 -15
254 693 34
254 718 -81
254 744 58
254 940 23
255 306 -47
255 564 -63
255 653 -92
255 657 -71
255 663 64
255 804 -71
255 812 -85
255 825 74
255 836 -87
255 844 29
256 343 67
256 424 48
256 451 62
256 482 -72
256 484 56
256 592 44
256 741 -84
256 944 53
256 988 -8
257 347 99
257 360 -21
257 423 64
257 590 66
257 624 -58
257 625 2
257 699 47
257 844 -21
257 862 -92
257 889 -86
257 964 -97
258 275 44
258 354 -6
258 427 -64
258 570 -46
258 739 -47
258 800 -86
258 847 -64
258 978 52
258 981 -64
259 471 -66
259 519 -89
259 712 -50
259 740 -77
259 863 -73
259 963 66
260 358 -22
260 362 -27
260 366 57
260 489 -67
260 598 -57
260 673 -30
260 902 47
260 977 -26
261 273 -85
261 317 31
261 745 -22
261 843 -51
261 857 55
261 966 23
262 418 -55
262 547 -32
262 579 -31
262 729 -41
262 835 89
262 914 16
262 931 -67
263 301 -9
263 319 95
263 481 73
263 483 -90
263 500 26
263 644 8
263 779 24
263 912 -79
263 997 32
264 331 -43
264 424 -78
264 486 76
264 581 95
264 703 83
264 879 -78
264 921 -2
265 463 -78
265 477 -38
265 580 39
265 619 30
265 721 -85
265 793 55
265 833 19
265 978 -97
266 300 42
266 347 0
266 428 52
266 469 -42
266 563 -60
266 593 -3
266 694 84
266 747 37
266 754 -91
266 798 28
266 908 -27
266 915 94
266 919 89
266 987 -34
267 273 -59
267 386 -46
267 407 85
267 585 -43
267 607 -3
267 614 59
267 697 -16
267 700 6
267 702 24
267 752 -75
268 277 -38
268 560 88
268 601 -57
268 639 -23
268 674 -30
268 948 -85
268 969 -61
269 385 19
269 678 62
269 720 -90
269 760 -86
269 816 -58
269 855 54
269 967 0
270 290 10
270 540 15
270 556 -50
270 587 -43
270 641 90
270 681 7
270 766 96
270 895 76
270 935 24
271 318 -82
271 482 49
271 618 96
271 634 29
271 639 -53
271 782 -19
271 884 27
271 921 36
272 276 -81
272 689 70
272 903 19
273 320 28
273 396 -80
273 424 -97
273 486 -93
273 502 -33
273 520 -14
273 638 85
273 646 11
273 700 -71
273 747 -19
273 859 -23
273 889 73
274 302 31
274 478 -47
274 558 31
274 589 -78
274 762 -86
274 843 -96
274 902 40
275 298 30
275 353 21
275 360 94
275 460 80
275 978 -66
276 330 -40
276 514 79
276 576 -74
276 670 -13
276 790 -44
276 968 42
277 310 96
277 476 13
277 560 -25
277 589 87
277 800 -30
277 997 92
278 281 93
278 337 -69
278 488 -5
278 498 -45
278 581 60
278 803 12
278 818 4
279 490 60
279 591 -8
279 657 42
279 877 12
280 335 -19
280 392 -87
280 458 -34
280 649 -54
280 792 95
280 975 -19
281 310 62
281 404 -84
281 664 -3
281 791 -40
281 908 59
282 552 -76
282 587 -33
282 792 -89
283 339 -57
283 386 -51
283 815 -88
283 861 -64
283 938 69
284 288 27
284 296 8
284 314 -84
284 425 58
284 596 35
284 875 61
284 900 6
284 993 71
285 472 33
285 555 -85
285 646 -64
286 345 -33
286 358 61
286 412 -41
286 443 3
286 490 -7
286 565 96
286 614 -22
286 625 10
286 649 94
286 784 66
286 914 -53
286 977 -98
287 318 -80
287 405 17
287 416 36
287 538 58
287 574 -17
287 668 29
287 841 -63
288 313 -12
288 345 -26
288 423 -52
288 470 -2
288 681 20
288 697 16
288 700 88
288 727 32
288 841 13
288 843 88
289 391 30
289 447 67
289 506 18
289 725 61
289 747 -81
289 770 62
289 789 19
289 795 78
289 816 -69
289 864 -91
289 895 21
289 931 62
289 934 -29
289 957 -25
290 314 -89
290 550 62
290 585 88
290 628 -81
290 731 62
290 757 7
290 908 53
290 932 -43
290 933 72
290 974 41
291 297 -5
291 362 -95
291 561 72
291 592 -47
291 779 59
291 790 41
291 856 -63
292 306 -51
292 309 -43
292 366 -13
292 402 -55
292 587 -61
292 645 94
292 733 65
292 735 -60
292 761 -41
292 836 -45
292 847 19
292 864 -7
292 901 23
292 980 43
293 321 -98
293 435 13
293 470 41
293 497 92
293 530 4
293 592 60
293 629 31
293 741 -63
293 993 -58
293 994 -96
294 379 41
294 509 29
294 524 7
294 826 98
294 950 -37
295 306 61
295 377 -1
295 448 -40
295 600 26
295 640 -82
295 659 -96
295 783 69
295 898 7
295 909 62
295 935 -78
296 316 -65
296 416 -77
296 417 -63
296 491 2
296 517 18
296 937 64
296 940 -52
296 943 96
296 944 90
297 567 98
297 581 53
297 582 -20
297 585 -17
297 597 -42
297 924 33
297 951 -39
298 318 -54
298 471 4
298 655 17
298 788 -34
298 809 75
299 338 -44
299 381 42
299 441 -41
299 581 -49
299 637 18
299 876 -74
300 385 -29
300 475 17
300 927 -31
301 369 41
301 381 13
301 476 -58
301 567 -87
301 580 -89
301 889 -67
301 905 -49
301 993 8
302 310 65
302 387 20
302 434 12
302 534 -82
302 772 -45
302 785 61
302 869 19
302 920 65
303 432 -70
303 604 -15
303 772 58
303 788 36
304 335 91
304 477 -20
304 552 -32
304 705 -31
304 763 19
304 829 14
304 894 -62
305 601 -94
305 684 -92
305 688 -87
305 767 -6
305 772 -45
305 802 -65
305 857 12
305 876 -28
305 987 -79
306 317 -98
306 431 -41
306 643 70
306 684 3
306 869 50
306 941 -47
307 321 90
307 334 -34
307 384 -80
307 518 2
307 750 -80
307 981 -53
308 431 -5
308 433 42
308 458 -64
308 854 -24
308 995 -50
309 324 -27
309 368 -41
309 500 -99
309 566 -85
309 582 28
309 611 8
309 666 -92
309 714 -99
309 730 37
309 733 -41
309 786 59
309 830 83
309 929 -36
310 456 77
310 537 58
310 668 -19
310 747 -36
310 805 90
310 824 -98
311 479 53
311 608 51
311 755 -15
311 983 -26
312 396 -70
312 606 -93
312 684 74
312 697 83
312 698 83
312 701 -15
312 726 1
312 920 -71
312 956 -62
313 595 -93
313 945 27
314 480 -2
314 774 -3
314 783 62
315 537 -87
315 572 14
315 784 46
315 799 34
315 809 30
315 949 39
315 980 50
316 463 61
316 624 55
316 632 -48
316 766 16
316 941 -13
317 334 15
317 508 -30
317 522 -86
317 594 4
317 621 11
317 626 -15
317 803 92
317 873 -59
317 927 34
318 397 -3
318 451 71
318 647 35
318 727 -92
318 817 42
319 399 81
319 402 -17
319 607 7
319 748 84
319 772 53
319 774 56
319 960 57
319 967 -2
319 986 45
320 373 -78
320 436 92
320 518 -95
320 542 -19
320 546 -30
320 585 -34
320 621 -20
320 659 -31
320 755 42
320 766 55
320 802 38
321 337 72
321 345 -47
321 360 11
321 433 30
321 489 -89
321 634 32
321 728 35
321 733 -25
322 353 -34
322 580 -11
322 722 -31
322 777 -52
322 809 24
322 822 -92
322 947 -66
323 353 77
323 373 -56
323 393 -81
323 505 95
323 784 47
323 979 83
324 369 -47
324 438 -77
324 591 19
324 621 32
325 531 -64
325 624 31
325 679 60
325 701 2
325 739 17
325 828 45
325 970 -45
326 338 -16
326 466 -20
326 472 -10
326 523 -95
326 754 -93
326 854 -64
326 992 -49
327 400 -45
327 436 -72
327 491 -61
327 574 78
327 851 50
328 347 -60
328 619 94
328 636 -45
328 643 -23
328 649 70
328 664 80
328 688 0
328 776 -49
328 983 0
328 990 76
329 337 -73
329 380 -29
329 583 0
329 593 90
329 708 37
329 718 -61
329 735 -12
329 805 -70
329 850 -73
329 953 5
329 961 0
330 461 40
330 563 -21
330 713 -69
330 715 -48
330 879 -86
330 929 -7
330 965 -75
331 436 46
331 449 -29
331 457 -5
331 475 -32
331 511 -47
331 595 56
331 650 -72
331 722 -91
331 846 -8
331 858 88
331 870 61
331 927 52
332 367 -33
332 600 -50
332 842 31
333 371 69
333 505 74
333 556 43
333 575 -23
333 606 -21
333 936 2
334 504 16
334 738 -5
334 814 63
334 910 52
334 916 -17
334 940 89
334 951 -93
334 979 41
335 347 -4
335 415 -86
335 466 -91
335 588 81
335 639 -77
335 644 79
335 855 -48
335 989 92
335 997 -93
336 346 -60
336 482 -21
336 517 10
336 622 59
336 626 98
336 679 -7
336 708 -47
336 724 51
336 761 2
336 868 -94
336 915 33
337 354 -54
337 545 85
337 560 51
337 643 60
337 656 86
337 663 89
337 722 -4
337 737 58
337 764 -90
338 418 81
338 422 -63
338 618 15
338 779 -90
338 789 61
338 792 -50
338 864 21
338 889 -60
338 912 26
339 398 0
339 585 52
339 627 -86
340 352 18
340 415 7
340 531 58
340 540 -72
340 605 -53
340 624 77
340 671 31
340 674 -51
340 675 18
340 960 11
340 966 -74
340 988 -7
341 459 -73
341 490 -61
341 567 -9
341 742 -95
341 853 26
341 922 31
342 501 75
342 518 -17
342 575 -53
342 649 -20
342 667 -1
342 817 35
342 893 47
342 908 12
342 917 45
342 949 -38
343 448 -84
343 596 91
343 638 68
343 678 -45
343 719 -7
343 726 -54
343 914 24
343 982 79
344 406 -45
344 537 0
344 565 70
344 588 3
344 625 73
344 841 -72
344 881 -46
344 911 -63
344 968 75
345 453 15
345 458 34
345 511 29
345 519 99
345 528 23
345 554 67
345 730 0
345 732 7
346 651 -29
346 660 7
346 671 -75
346 847 5
346 982 74
347 752 -61
347 791 -45
347 812 -68
347 834 7
347 856 50
347 897 45
347 927 44
347 952 41
348 377 -31
348 656 51
348 753 -25
348 793 -15
348 927 3
349 420 8
349 465 -87
349 535 -83
349 620 -30
349 685 42
350 588 -50
350 659 37
350 913 1
350 981 -50
351 367 33
351 460 13
351 748 87
351 756 -40
351 859 99
351 936 -43
352 458 -67
352 597 41
352 710 70
352 777 60
352 810 91
352 978 52
353 441 -72
353 466 24
353 501 6
353 531 40
353 572 50
353 779 -31
353 785 64
353 881 95
354 359 -77
354 361 11
354 544 73
354 636 87
354 807 -43
354 989 -33
354 992 92
355 423 -96
355 559 -48
355 613 -13
355 710 -20
355 714 -23
355 752 68
355 874 -37
355 914 94
356 554 18
357 361 3
357 417 -37
357 470 -93
357 479 46
357 700 66
357 774 92
358 430 16
358 498 -92
358 864 83
358 980 -87
359 445 41
359 450 69
359 452 83
359 629 25
359 645 -39
359 715 -59
360 470 -31
360 471 -27
360 685 -97
360 772 34
360 787 -79
360 798 -62
360 924 16
360 926 89
360 952 -93
361 404 -12
361 434 16
361 527 8
361 784 -35
361 899 -54
361 987 97
362 426 29
362 895 34
362 910 -87
363 415 -97
363 741 -59
363 859 50
363 919 -79
363 973 38
364 597 -7
364 869 -22
364 962 -78
365 373 -47
365 379 71
365 939 -84
366 389 88
366 527 1
366 624 75
366 632 48
366 647 -75
366 648 57
366 837 22
366 902 -37
367 378 -44
367 577 -64
367 757 -85
367 896 33
368 695 70
368 894 -39
368 988 83
369 415 -69
369 586 -91
369 763 30
370 399 -78
370 413 -90
370 485 -36
370 507 60
370 764 -39
370 928 90
371 659 -47
371 794 23
371 817 72
371 971 -41
372 508 58
372 637 53
372 793 45
372 826 -55
372 861 -45
373 461 -24
373 478 -59
373 611 -89
373 631 -33
373 887 4
373 937 55
373 950 -55
373 977 -28
374 598 -67
374 750 -1
374 845 71
374 923 38
375 472 -92
375 579 -36
375 611 48
375 660 88
375 929 -75
376 434 96
376 702 -94
376 716 49
376 805 8
376 914 -31
376 942 -93
376 954 -9
376 988 86
377 385 85
377 590 -89
377 697 50
377 725 37
377 732 87
377 802 -49
377 820 93
377 973 -23
378 447 40
378 451 87
378 501 -86
378 557 -84
378 783 -75
378 797 25
378 817 -66
378 899 89
378 900 -75
378 941 71
379 654 -60
379 947 -41
380 471 5
380 509 29
380 655 79
380 827 -39
380 917 -29
381 387 35
381 388 65
381 458 88
381 530 -14
381 539 -19
381 555 79
381 582 69
381 834 -67
381 838 -50
381 871 -87
381 947 31
381 974 47
381 979 79
382 488 -23
382 515 30
382 617 74
382 755 76
382 779 52
382 861 84
382 946 -79
383 431 53
383 449 -90
383 473 66
383 743 -88
383 797 31
383 806 58
384 489 37
384 551 -85
384 592 -60
384 631 -19
384 769 90
384 841 -63
384 972 -4
385 561 -30
385 898 69
386 571 83
386 719 36
386 760 6
386 763 -88
386 783 6
386 794 -51
386 798 29
387 549 -59
387 576 94
387 705 -55
387 857 -28
387 931 56
388 465 47
388 538 -77
388 573 -6
388 750 28
388 936 -17
388 989 92
389 449 88
389 609 -94
389 627 25
389 737 34
389 744 59
389 756 64
389 831 -30
389 834 -37
389 947 80
389 979 -74
390 744 75
390 752 79
390 783 -39
390 802 33
390 859 72
391 487 -18
391 736 -9
391 751 -46
391 787 54
391 792 -87
391 913 -62
392 517 95
392 669 -6
392 687 -83
392 851 12
393 422 -36
393 845 -77
393 865 76
393 893 71
393 950 -52
394 399 -49
394 551 94
394 621 -15
394 684 -58
394 797 -28
394 820 -11
394 927 -66
394 947 67
395 426 0
395 681 -14
395 770 56
395 816 95
395 857 -75
395 868 60
396 411 -45
396 457 44
396 561 75
396 662 -65
396 712 -28
396 795 -22
397 612 -48
397 718 -76
398 430 98
398 579 30
398 689 -76
398 701 -16
398 782 90
398 803 -76
398 906 -2
399 431 99
399 469 11
399 923 -7
399 953 -80
400 443 52
400 450 -22
400 616 60
400 722 -55
400 737 -71
400 984 -1
400 998 65
401 425 -9
401 448 81
401 451 -99
401 492 63
401 516 95
401 542 30
401 622 -76
401 763 -49
401 877 -49
401 948 47
402 448 87
402 466 -87
402 491 24
402 576 86
402 650 -75
402 667 0
402 945 45
402 999 12
403 430 -19
403 477 43
403 494 0
403 596 -63
403 665 26
403 946 90
403 952 81
404 628 33
404 638 31
404 675 51
404 695 31
404 754 46
404 771 49
404 775 -59
404 854 37
405 604 12
405 827 28
405 835 -56
405 911 -78
405 934 76
405 946 -10
406 439 56
406 450 -91
406 465 -40
406 481 37
406 536 -41
406 538 -9
406 558 -94
406 665 47
406 794 -54
407 467 -78
407 512 -69
407 560 69
407 760 -1
407 828 89
407 834 96
407 843 25
407 978 37
408 457 -57
408 534 0
408 917 -40
409 418 -23
409 594 -29
409 635 0
409 674 -95
409 816 97
409 899 29
410 604 -83
410 760 -68
411 463 99
411 594 97
411 614 25
411 770 98
411 864 -31
411 923 -49
412 559 62
412 598 -37
412 832 75
412 834 80
413 448 8
413 490 43
413 552 34
413 576 76
413 787 -78
413 805 -5
413 957 -44
413 974 -6
414 510 94
414 700 -49
414 844 -22
414 953 86
415 455 -83
415 769 -18
416 478 17
416 557 -71
416 671 35
416 673 68
416 738 56
416 817 10
416 831 28
416 846 68
416 861 12
417 562 68
417 632 -14
417 634 23
417 642 -63
417 719 -99
417 746 -93
417 926 5
417 964 -11
417 999 21
418 633 24
418 663 -24
418 757 -50
418 854 37
418 880 6
419 466 -95
419 716 88
419 815 -69
419 971 -20
420 572 -15
420 757 -28
420 833 58
420 916 -85
421 459 -91
421 523 -65
421 794 48
421 899 76
421 938 -62
421 979 -65
422 554 88
422 881 41
423 609 69
423 848 -52
423 952 -65
423 980 58
424 446 -57
424 554 -68
424 640 75
424 703 -94
425 477 -99
425 505 -17
425 512 -56
425 533 -89
425 594 92
425 681 -1
425 796 35
426 739 52
426 745 78
426 810 -11
426 902 33
427 471 -17
427 491 62
427 610 82
427 625 19
427 746 68
427 786 51
427 800 -22
427 867 -44
427 945 63
428 452 2
428 611 43
428 672 77
428 737 -89
428 812 66
428 825 -50
428 913 49
428 972 80
429 453 9
429 560 88
429 600 -44
429 677 -50
429 707 61
429 835 -23
429 963 -90
429 997 -57
430 469 -95
430 542 47
430 754 92
430 756 -60
431 525 12
431 624 36
431 807 83
432 600 23
432 624 -32
432 716 24
432 760 1
432 769 -84
432 790 70
432 805 68
432 819 23
432 940 -68
432 996 73
433 530 -99
433 580 -87
433 620 -57
433 664 79
433 701 -11
433 802 5
433 813 61
433 882 -89
433 921 78
434 511 -69
434 629 79
434 750 -34
434 817 64
434 924 41
434 953 -82
435 437 88
435 584 95
436 437 -8
436 481 -68
436 505 -19
436 572 -53
436 641 93
436 653 -20
436 658 -32
436 958 20
437 457 15
437 544 -91
437 615 -28
437 861 -54
437 973 47
438 497 -66
438 544 36
438 601 3
438 693 -35
438 696 90
438 728 78
438 768 -73
438 993 93
439 612 14
439 634 20
439 777 37
439 943 25
439 967 -23
440 452 -10
440 549 92
440 569 -24
440 571 -28
440 582 76
440 584 -57
440 643 44
440 707 -39
440 807 49
440 953 89
440 969 25
441 660 61
441 665 71
441 864 -63
442 908 56
442 999 61
443 452 -73
443 475 -11
443 492 48
443 576 25
443 681 -29
443 756 85
443 851 -2
443 998 -6
444 532 -22
444 648 -65
444 729 -88
444 808 52
444 835 50
444 879 3
444 958 36
445 472 98
445 549 92
445 765 84
445 869 -8
445 960 46
446 488 -64
446 560 69
446 681 44
446 692 -1
446 762 -43
446 778 -25
446 792 -58
446 872 39
446 933 15
446 957 51
447 522 -61
447 530 9
447 546 -7
447 703 -48
447 937 73
448 450 -80
448 523 -13
448 621 88
448 664 49
448 723 -94
448 749 0
448 951 68
449 575 -26
449 588 -31
449 623 88
449 663 -24
450 656 -92
450 660 -55
450 688 21
450 753 2
450 755 -40
450 825 -20
451 468 9
451 509 37
451 516 38
451 635 28
451 660 3
451 724 83
451 950 -85
452 489 -35
452 492 23
452 589 -48
452 652 -60
452 658 81
452 712 13
452 801 24
452 898 42
452 958 -44
453 654 -37
453 669 44
453 765 27
453 944 -14
453 984 -2
454 604 36
454 655 10
454 694 2
454 850 -14
454 880 20
454 960 71
455 474 92
455 481 10
455 491 41
455 516 14
455 559 -35
455 563 29
455 617 -56
455 658 46
455 681 -84
455 709 -35
455 727 -87
455 734 52
455 807 -16
455 814 99
455 823 69
455 967 65
456 531 -15
456 606 45
456 718 -74
456 910 -84
457 544 91
457 650 -67
457 655 22
457 656 -15
457 770 -29
457 979 13
458 580 -74
458 705 70
458 733 -85
458 879 -63
458 976 -96
459 865 0
459 874 24
459 927 61
459 984 12
459 986 -41
460 479 6
460 548 67
460 680 76
460 772 -42
460 888 -11
460 964 -66
461 577 25
461 647 -31
461 696 -90
461 716 15
461 751 -46
461 752 93
461 818 15
461 879 -18
462 484 81
462 515 -72
462 543 79
462 585 77
462 917 47
462 936 62
462 988 62
463 533 57
463 593 -65
463 594 -79
463 596 42
463 732 31
463 853 -96
464 501 30
464 602 -60
464 673 -81
464 781 39
464 821 -16
465 742 79
465 821 -45
465 931 -92
465 992 -68
466 519 -88
466 553 -3
466 604 -70
466 783 31
466 919 -7
467 641 26
467 764 -18
467 830 -29
467 983 27
468 475 53
468 539 -12
468 581 82
468 622 91
468 992 -13
469 478 86
469 667 67
469 704 -95
469 710 -63
469 827 -97
470 544 84
470 631 -82
470 658 -12
470 676 77
470 784 99
470 949 61
471 704 39
471 727 70
471 789 40
471 861 45
472 544 56
472 708 -8
472 771 26
472 830 -46
472 848 69
472 932 -49
472 954 -82
472 977 55
473 539 -50
473 635 35
473 773 31
473 809 52
473 901 92
473 929 96
474 477 87
474 483 -73
474 552 67
474 607 -54
474 609 33
474 866 -81
474 884 -5
475 506 49
475 590 -1
476 522 -93
476 577 -54
476 683 42
476 811 10
476 901 72
476 931 -44
476 949 -51
476 951 2
477 557 16
477 685 80
477 702 -81
477 704 -38
477 736 18
477 763 -48
477 779 92
477 849 20
477 920 -95
477 952 -68
478 505 4
478 512 74
478 611 -80
478 745 21
478 816 -87
479 618 -6
479 780 66
479 809 43
479 837 -51
480 590 12
480 876 59
481 631 76
481 654 -14
481 757 77
481 775 75
481 889 17
481 979 77
482 525 -16
482 641 -23
482 828 69
482 831 88
482 942 -58
483 521 73
483 642 2
483 759 -59
483 839 -23
483 877 75
483 949 26
484 527 65
484 725 -24
484 793 -87
484 935 92
484 936 8
485 497 67
485 596 63
485 719 88
485 785 -52
485 786 52
485 792 12
485 798 -52
485 806 56
485 868 -70
486 696 93
486 814 -88
486 860 -86
486 921 82
487 590 -27
487 595 -22
487 935 56
487 947 32
488 493 -53
488 630 -89
488 800 -97
488 813 74
488 814 82
489 571 17
489 625 27
489 665 -69
489 866 -43
490 615 98
490 716 -33
490 840 26
490 932 34
490 987 55
491 593 61
492 498 -49
492 505 -15
492 527 63
492 565 -13
492 785 46
492 999 -57
493 658 -47
493 760 34
493 789 -50
493 806 51
493 851 56
493 910 90
493 967 -24
494 590 81
494 634 45
495 521 9
495 543 -80
495 726 -33
495 733 92
495 755 40
495 957 -79
496 763 25
496 794 8
496 811 96
497 550 -86
497 797 99
497 991 65
498 594 24
498 927 -89
498 938 -33
498 969 14
499 594 26
499 707 83
499 839 37
499 874 30
500 577 -90
500 601 -4
500 766 16
500 805 -18
500 928 -66
501 548 -69
501 600 64
501 687 31
501 704 40
501 767 -96
501 920 -90
501 984 43
502 514 -12
502 618 -21
502 676 79
502 686 -98
502 749 -73
502 831 -49
502 882 -69
503 580 -51
503 730 32
503 748 -98
503 771 -17
503 846 97
503 856 -74
504 655 98
504 663 91
504 840 -2
505 586 -61
505 944 95
505 971 92
506 528 -91
506 701 -32
506 867 58
506 962 -92
507 817 89
507 860 -62
507 966 -55
508 573 29
508 677 29
508 754 -66
508 765 31
508 775 9
508 791 -53
508 807 67
508 992 64
509 721 78
509 747 -25
509 781 -38
509 782 48
509 806 -94
509 862 65
510 737 76
510 757 88
510 890 83
511 528 -65
511 557 -64
511 582 -33
511 642 -43
511 702 84
511 742 -81
511 837 24
512 652 18
512 660 -44
512 697 17
512 825 17
512 828 10
512 877 -56
512 879 -21
512 914 -81
512 979 -75
512 989 -29
513 514 59
513 546 88
513 793 -33
513 804 62
513 825 -82
514 529 -82
515 524 67
515 612 31
515 648 -9
515 762 91
515 867 -16
515 920 -63
516 865 98
517 560 -46
517 611 -98
517 735 -94
517 796 -93
517 812 95
517 854 10
517 916 -64
517 931 -29
517 944 76
518 612 -12
518 796 7
518 909 35
519 694 -91
519 838 -98
520 608 -63
520 718 42
520 818 39
520 943 46
522 540 -42
522 552 -18
522 587 65
522 631 79
523 632 58
523 647 67
523 663 66
523 724 -64
523 945 -82
523 960 57
523 994 86
524 625 -89
524 643 32
524 721 -69
525 715 73
525 768 -83
525 811 -98
526 808 63
526 825 76
526 936 -55
527 734 -16
527 894 19
527 940 83
528 549 14
528 703 17
528 704 17
528 791 39
529 594 -42
529 756 -54
529 945 56
530 562 4
530 581 -82
530 634 22
530 733 -71
530 796 -23
531 562 -41
531 637 89
531 804 89
531 916 63
531 948 26
531 978 0
531 989 -98
532 546 64
532 621 80
532 704 50
532 759 -46
532 815 22
532 983 -34
533 645 22
533 838 -42
534 582 98
534 592 28
534 829 -12
534 909 15
534 945 30
535 703 -25
535 940 84
535 996 -73
536 565 -91
536 593 -50
536 594 -25
536 602 67
536 634 -44
536 685 -73
537 541 5
537 572 -52
537 580 -51
537 592 96
537 723 -51
537 731 -44
537 925 95
538 579 10
538 720 -61
538 807 -29
538 959 15
539 547 -72
539 574 43
539 815 54
539 880 -68
539 977 63
539 986 31
539 991 78
540 699 64
540 903 32
540 931 97
540 978 92
540 979 7
541 567 12
541 767 -2
541 909 -41
542 637 -69
542 685 14
542 867 -71
542 920 -70
543 620 -97
543 757 47
543 911 -56
544 687 -8
544 690 61
544 743 59
544 911 -99
545 707 -18
545 734 92
545 738 94
545 810 -45
545 910 62
545 936 9
546 636 72
546 812 92
546 822 11
547 698 -74
547 744 86
547 754 62
547 803 2
547 967 -16
547 983 60
548 641 81
549 758 81
549 789 -12
549 814 94
550 745 13
550 920 -95
551 661 28
552 579 -68
552 643 -2
552 648 36
552 721 45
552 804 22
552 858 15
552 880 -66
552 923 -33
553 619 -13
553 627 19
553 901 -23
553 947 -98
553 972 81
554 620 -30
554 697 -30
554 918 88
555 740 55
555 745 -66
555 759 -88
555 903 -1
556 572 -34
556 671 -19
556 678 -19
556 836 89
556 877 70
556 932 44
556 994 -78
557 624 -6
557 664 -24
557 715 72
557 772 -33
557 945 80
558 562 90
558 838 3
559 575 -75
559 721 -83
559 741 -89
559 756 0
559 762 83
559 817 84
559 916 84
560 574 -86
560 621 -76
561 593 -29
561 647 7
561 746 76
562 633 43
562 766 99
563 564 -46
563 605 -81
563 723 -64
563 851 -56
563 880 98
563 927 -19
564 589 -32
564 626 24
564 638 -23
564 668 -63
564 796 77
564 821 -87
564 840 -2
564 885 -27
564 907 -15
565 761 -77
565 851 -92
565 870 20
565 917 49
565 956 -12
566 595 -70
566 636 -6
566 683 -11
566 777 4
566 835 73
567 593 79
567 608 63
567 621 -3
567 658 -14
567 680 -14
567 870 -45
567 944 0
567 966 45
568 833 66
569 691 -4
569 817 -61
569 819 -26
570 644 -22
570 751 -70
570 854 84
570 898 1
570 935 8
571 640 -31
571 721 -85
571 856 12
572 609 -60
572 660 -81
572 677 18
572 854 95
572 933 25
573 607 80
574 742 48
574 777 -74
574 915 77
574 943 36
574 952 61
575 576 -4
575 583 -76
575 687 67
575 771 23
575 789 -18
575 893 -97
575 974 -26
576 601 39
576 602 55
576 752 -13
576 859 59
576 926 -12
576 989 91
576 997 45
577 749 -7
577 878 91
578 679 24
578 730 -21
578 949 -30
578 978 99
579 583 52
579 718 34
579 920 14
580 647 -40
580 748 9
580 905 84
580 961 72
581 622 -27
581 630 3
581 906 -15
581 961 -75
582 635 -16
582 651 -46
582 845 71
582 887 35
583 640 67
583 706 18
583 735 0
583 768 68
583 820 -96
583 836 -99
583 841 -13
584 813 -95
584 848 37
584 892 -71
584 910 -79
584 973 -79
585 727 51
585 732 6
585 800 7
585 948 66
586 640 -73
586 657 95
586 743 -6
586 771 -21
586 805 58
586 960 24
586 970 -30
587 799 83
587 929 -20
588 596 54
588 639 83
588 712 57
588 855 2
588 877 -47
588 893 -55
589 688 -21
589 753 58
589 821 -21
590 615 -25
590 738 61
590 846 50
590 925 57
590 948 72
591 832 -53
591 834 -76
591 959 -52
592 700 13
593 910 -79
593 912 -87
594 628 -88
594 786 -43
594 889 10
594 899 37
595 617 -96
595 688 -85
595 937 56
596 789 26
596 824 76
596 977 82
597 616 27
597 635 29
597 648 32
597 738 38
597 851 -81
597 982 25
598 633 -94
598 634 57
598 809 86
599 622 65
599 635 -77
599 789 2
599 854 -14
600 622 -42
600 637 28
600 736 -95
600 775 80
600 889 36
600 944 -61
600 975 25
601 676 43
601 891 51
602 709 -98
602 906 82
602 933 -33
602 964 -56
603 671 35
603 866 37
603 877 -49
603 882 62
603 972 -39
604 642 -53
604 917 8
604 934 21
604 993 21
605 716 -85
605 739 35
605 806 86
605 818 -71
606 696 33
606 856 -22
607 782 48
608 831 83
608 856 -54
608 895 -36
608 935 -17
608 989 -64
609 777 -56
609 912 18
610 712 74
610 719 -42
610 827 -11
610 849 11
610 989 -61
611 846 -10
611 853 78
611 918 55
612 751 19
612 854 73
612 883 89
613 638 -73
613 795 91
613 874 37
613 931 61
614 751 -38
615 770 53
615 808 -44
616 708 -28
616 851 85
616 932 -38
617 649 6
617 651 86
617 790 78
617 798 -34
617 854 91
617 894 -1
618 744 -85
618 831 -24
618 887 -99
619 630 -79
619 709 -35
619 871 -47
620 676 -57
620 944 18
620 990 5
621 674 95
621 682 -75
621 687 -27
621 692 -84
621 755 85
621 796 44
622 806 -31
622 875 -7
622 965 -86
622 981 -51
622 985 64
623 694 -36
623 733 -25
623 895 -21
623 956 77
623 959 52
623 995 48
623 996 -78
624 880 22
624 881 42
625 675 -57
625 777 53
625 916 83
625 969 -70
626 779 62
626 966 26
627 675 10
627 708 -1
627 734 22
627 974 75
628 675 -16
628 733 -20
628 742 -12
628 936 -2
629 714 -97
629 725 49
629 789 22
630 696 96
630 758 39
630 765 -78
630 918 -70
630 999 75
631 743 55
631 771 -29
631 794 -80
631 812 -48
631 856 -41
631 866 -30
633 690 94
633 800 36
633 885 -20
633 974 4
634 692 -27
634 760 30
634 834 32
635 660 -21
635 748 -85
636 754 -46
636 776 -83
636 840 39
636 921 31
636 987 -55
637 657 -99
637 778 67
637 970 41
638 647 38
638 947 74
639 683 -32
639 902 -59
640 937 23
641 684 5
641 716 67
641 723 -51
641 735 5
641 782 95
641 793 -87
641 844 -50
641 894 -68
641 935 -28
641 973 -20
642 672 -65
642 682 75
642 725 21
642 786 47
643 661 -49
643 837 -66
643 879 -52
643 884 87
643 896 60
644 658 -55
644 700 51
644 893 24
644 987 0
645 668 -68
645 706 -35
645 719 -58
645 792 24
646 657 45
646 662 -43
646 732 6
646 809 79
646 860 -76
647 658 -99
647 737 2
647 913 -18
648 887 8
648 893 28
648 918 97
648 962 -50
648 972 57
649 651 39
649 911 -58
649 926 5
650 720 -11
650 981 -28
651 655 45
652 824 -26
652 896 25
653 881 87
654 689 -78
654 755 89
654 823 -82
656 686 -25
656 896 78
657 858 53
657 974 -18
659 729 91
659 852 -32
659 862 25
659 877 -93
659 903 -21
659 921 -58
659 939 -36
660 672 91
660 727 -23
660 883 -7
660 917 33
660 927 -41
660 981 0
661 766 -3
661 797 41
661 815 14
662 805 37
662 845 53
663 736 -27
663 755 64
664 721 70
664 739 88
664 743 0
664 773 -91
664 788 -41
664 816 -24
664 999 2
665 681 24
665 715 87
665 722 12
665 741 -27
665 872 4
667 947 -94
667 970 -30
667 994 -78
668 711 80
668 747 -78
668 751 59
668 761 -12
668 786 -3
668 832 -39
668 895 -27
669 794 30
669 816 -55
670 717 -19
670 740 -80
670 811 -73
670 942 10
671 684 -28
671 761 -43
672 836 15
673 738 98
673 815 44
673 842 16
673 916 34
673 959 62
674 950 -94
675 690 -29
675 716 -53
675 785 -75
675 828 89
675 904 40
676 866 58
677 720 -87
677 762 26
677 830 37
678 731 -72
678 870 85
678 904 -74
678 999 77
679 953 85
680 918 -37
680 934 3
680 998 -18
681 768 -69
681 775 -4
681 798 49
681 850 3
681 860 57
682 708 53
682 778 10
682 899 53
682 946 40
682 993 5
683 727 91
683 756 -58
683 991 78
684 845 92
684 909 -48
684 994 11
685 764 44
685 857 69
686 754 -86
687 815 -85
688 920 -78
688 935 66
689 717 14
689 724 74
689 855 76
689 893 13
689 931 59
690 718 67
690 719 31
690 964 -99
691 788 -51
691 856 -41
691 901 -53
691 937 18
691 953 26
692 818 63
692 822 97
693 999 74
695 734 6
695 737 84
696 761 20
696 970 -63
696 998 18
697 770 -21
697 777 38
697 833 -40
698 833 37
699 714 51
699 725 -95
699 739 0
699 760 43
699 773 -6
699 775 7
699 907 -40
699 916 36
700 909 2
701 808 -20
702 822 -86
703 706 -17
703 718 14
704 717 18
705 813 -73
706 751 -81
706 964 31
707 718 76
707 762 -66
707 789 78
707 792 64
707 798 -12
707 995 -51
708 740 66
708 898 -80
709 762 9
709 794 97
709 806 21
710 854 -56
711 726 -31
711 836 24
711 846 74
711 887 -21
711 939 -21
711 992 13
712 841 -12
712 871 -78
712 962 86
713 786 -83
713 859 -1
713 948 3
714 735 -15
714 759 75
714 826 -58
714 862 31
715 896 20
715 952 43
715 958 -1
716 835 7
716 860 46
716 943 19
716 993 -78
717 788 44
717 803 -8
717 805 91
717 847 -49
717 877 -96
717 900 46
717 903 32
718 934 11
720 847 40
720 901 70
721 724 -87
721 890 99
721 925 39
722 780 21
723 919 10
725 757 48
725 766 78
725 820 -48
725 896 30
725 975 -37
725 979 46
725 981 -75
726 876 -90
727 838 -37
727 959 -3
727 989 -70
728 731 26
728 922 64
728 954 -48
729 795 -52
729 800 99
729 827 -9
729 832 24
729 908 -43
729 944 38
730 764 -51
730 770 30
730 796 -29
730 800 62
731 872 -76
731 904 -82
732 764 -66
732 817 2
732 823 80
732 848 60
733 779 -34
733 796 41
733 884 2
734 753 -96
734 930 -4
735 776 83
737 970 -19
738 750 -32
738 847 -20
738 974 51
738 988 49
739 757 10
739 950 -97
739 960 -64
740 775 90
740 778 8
740 880 -8
741 743 19
741 837 83
741 905 50
741 992 52
742 759 99
742 810 -24
742 838 -55
742 847 -48
742 933 87
743 808 -7
743 814 94
743 855 93
743 920 -70
743 948 79
744 874 12
744 976 57
744 987 46
745 969 13
746 754 38
746 769 -98
746 808 -73
746 810 -67
746 859 -98
746 933 -43
747 801 19
747 911 -25
748 791 0
748 806 42
748 808 -93
748 911 26
748 950 11
749 944 54
750 885 -54
751 893 82
752 820 -62
752 869 -36
752 904 25
753 754 68
753 813 13
754 869 1
755 932 51
755 981 -67
756 964 71
757 834 -1
757 952 -17
758 768 -72
758 769 -74
759 779 -94
759 941 -72
759 965 14
759 979 -46
760 883 -64
760 915 90
760 962 -12
762 887 96
763 774 -56
763 993 -37
764 786 -61
765 819 -16
765 854 32
765 871 0
765 935 53
766 794 67
766 807 44
766 829 -50
766 876 44
766 975 85
767 822 36
767 936 -6
768 847 -62
769 815 -55
770 788 -21
770 896 82
771 795 -82
773 910 -64
773 919 82
774 851 46
774 919 -99
774 989 66
775 966 -71
776 908 -73
776 971 88
777 939 -95
779 805 -5
780 792 -48
780 816 -7
780 937 -67
781 830 -88
781 916 -1
781 998 47
782 899 3
782 910 67
782 972 -66
783 791 83
783 834 88
783 870 41
783 933 -15
785 825 -29
786 853 -55
786 896 92
786 920 48
787 891 -74
787 942 25
788 905 4
789 814 4
790 838 76
790 866 34
790 910 51
790 962 56
791 792 -24
791 831 82
791 875 43
791 932 34
792 824 -60
792 904 -33
792 912 -93
793 831 77
793 868 -59
793 903 90
794 876 -11
795 806 -63
796 888 68
796 915 57
797 806 96
797 848 -10
797 918 5
797 947 31
797 980 -91
798 815 -16
798 843 28
798 901 -18
798 984 26
799 932 -26
799 965 -73
800 908 -62
800 910 26
802 843 -98
802 864 99
802 888 -24
802 906 46
803 942 50
804 862 58
805 829 -99
805 858 60
805 989 -74
806 954 96
807 947 -19
808 919 -11
809 818 70
809 828 79
809 892 96
811 847 57
811 853 84
811 866 -77
811 869 91
812 857 -14
812 994 97
812 998 -47
813 845 -44
814 924 -69
815 837 12
816 869 -32
816 927 -95
817 995 20
818 984 -71
819 954 -35
820 847 -57
821 855 55
821 975 -6
822 890 10
823 895 -82
823 908 20
824 828 4
824 853 76
824 962 -95
825 893 -42
827 990 -2
828 999 -98
829 862 -99
829 908 -34
829 948 -77
830 869 -49
830 887 24
831 833 66
831 839 52
831 867 -13
831 903 -71
831 921 -95
832 860 38
832 911 4
833 871 -65
833 911 19
833 943 44
833 988 -7
834 842 0
834 919 46
834 987 -51
834 996 24
835 930 39
835 942 64
835 967 -7
835 992 12
835 997 48
836 895 -10
836 913 84
836 933 24
837 925 -47
837 966 68
837 980 -31
838 984 -5
839 847 29
839 885 83
839 951 49
840 869 92
840 873 12
841 850 -57
841 886 -45
841 926 -2
844 868 -47
844 937 -58
844 978 44
845 883 -83
845 912 82
846 924 54
846 968 58
848 922 66
849 986 85
851 885 -51
851 917 -69
852 854 -4
854 912 69
854 994 -97
855 882 -63
855 979 46
856 923 19
857 887 88
859 896 -76
859 969 -45
860 934 97
861 918 73
861 955 93
864 873 73
864 876 -67
864 930 35
864 955 -6
865 875 41
867 893 66
867 948 34
867 974 41
868 989 -58
869 922 71
869 949 87
869 968 54
869 970 11
870 886 -26
871 877 -3
872 916 56
872 968 12
873 925 -96
873 943 0
873 971 -9
876 970 34
878 966 -75
880 916 29
880 944 -58
881 890 -49
882 940 21
882 957 46
883 975 32
884 905 90
886 912 -69
887 928 -38
887 961 -95
888 934 62
891 905 8
894 945 11
895 937 10
895 938 8
895 951 -13
895 999 3
896 943 -31
896 952 -97
896 981 82
897 923 84
897 937 -19
897 972 -38
898 923 71
898 947 92
899 979 -57
900 966 -38
901 921 72
903 947 75
903 982 -7
905 939 68
905 980 -36
905 986 -28
907 922 50
908 929 0
910 930 12
910 971 67
911 965 2
911 970 33
912 936 -85
913 924 31
913 941 49
913 981 6
914 996 -38
918 968 -81
923 929 81
923 993 -90
924 930 23
926 980 -25
927 960 14
927 974 -74
927 989 -98
929 939 -39
929 978 10
931 945 -26
933 946 -58
933 969 -89
940 986 -30
940 989 -6
947 993 -82
956 983 -94
957 990 -65
958 961 60
959 980 94
963 984 -35
967 989 85
972 980 -21
977 983 77
978 980 76
978 990 45
983 992 4
