-94587
999
0 895
1 294
1 949
2 338
2 349
2 526
3 89
3 119
4 694
5 81
6 623
6 696
6 894
7 75
7 966
8 612
9 206
9 297
10 261
10 556
10 879
11 144
12 309
12 634
13 441
13 598
13 884
14 176
14 584
14 784
14 971
15 985
16 160
16 182
17 748
18 159
18 277
18 892
19 122
20 398
21 642
22 105
22 257
22 656
23 49
23 504
23 726
23 937
24 76
24 330
24 623
25 232
26 115
26 615
26 627
27 191
27 858
28 43
28 408
28 539
29 262
30 159
30 281
30 291
30 497
31 139
31 505
32 131
32 581
33 35
33 990
34 198
34 211
34 971
35 199
36 121
36 311
36 720
37 182
37 564
37 881
38 872
39 596
39 894
40 959
41 304
41 543
41 890
42 315
42 431
43 392
43 646
44 411
44 415
44 506
45 806
46 278
46 595
46 815
46 915
46 916
47 162
47 751
47 833
47 923
48 794
49 72
50 286
50 802
50 883
51 729
52 484
53 668
54 211
55 471
55 540
56 150
56 365
57 197
57 289
57 442
57 803
58 716
59 530
59 591
60 347
60 465
61 123
61 130
61 981
62 918
63 904
64 66
64 632
65 390
65 901
67 526
68 320
68 406
69 945
70 153
71 717
72 511
72 730
73 296
73 807
74 601
74 889
75 326
75 831
75 856
76 930
77 754
77 974
78 884
79 80
79 438
79 824
80 134
80 239
80 770
81 846
82 86
82 418
83 675
83 688
84 631
84 997
85 122
85 225
85 457
85 680
86 741
87 301
87 795
87 965
88 241
88 448
88 641
88 726
89 381
90 347
90 463
90 631
91 178
91 652
92 930
93 482
93 756
93 872
93 898
94 808
95 606
96 368
97 212
97 602
97 620
97 958
97 963
98 417
98 644
99 180
99 965
100 870
101 127
101 856
102 118
102 508
103 466
103 559
104 338
104 736
104 749
104 781
104 885
105 440
106 333
106 493
106 864
107 468
107 814
108 351
108 749
109 978
110 741
111 615
111 683
112 297
112 622
112 922
112 978
113 409
113 859
114 146
114 167
115 422
116 967
117 119
117 633
118 197
118 510
119 208
119 459
119 502
120 278
120 431
121 153
121 485
121 873
122 322
122 764
122 825
123 361
123 747
124 821
124 873
125 441
125 716
126 141
126 527
126 721
128 370
128 481
128 570
128 574
129 835
130 188
130 764
131 207
131 594
131 639
132 992
133 185
133 654
133 758
134 264
135 216
135 536
135 861
136 950
137 344
138 278
139 545
140 487
140 761
140 819
142 302
142 476
142 555
143 321
144 607
144 921
145 817
145 890
146 456
147 148
147 718
148 566
148 860
148 873
149 312
150 835
151 528
151 553
152 725
153 173
153 300
153 780
154 883
155 440
156 342
157 643
158 499
158 784
159 408
159 462
159 940
160 213
160 546
160 810
161 360
161 665
161 762
162 737
163 251
163 589
164 452
165 875
166 366
166 978
167 296
168 525
168 554
169 553
170 357
171 483
172 761
172 832
172 928
173 899
174 267
174 850
175 199
175 640
177 470
177 660
177 679
179 618
180 187
181 475
181 490
181 782
181 909
182 339
182 670
182 789
183 402
183 588
183 861
184 194
184 379
186 361
187 712
189 628
189 786
190 611
190 992
192 711
193 968
194 586
195 204
196 301
200 505
200 634
201 437
202 464
202 883
203 604
203 762
204 637
205 652
205 967
206 311
206 328
206 446
207 570
207 653
208 254
208 582
209 258
209 401
210 549
214 408
215 748
217 904
218 539
218 908
219 599
220 909
221 450
222 614
222 652
223 466
223 834
224 395
226 866
227 718
228 653
229 743
230 307
231 655
232 263
233 539
233 580
233 581
234 427
235 753
236 247
236 500
237 368
238 546
239 959
240 250
240 590
240 629
240 651
242 376
242 417
243 392
244 599
245 595
246 783
246 914
248 252
248 971
249 915
252 732
253 779
254 705
255 548
255 684
255 872
256 562
257 677
257 903
259 309
260 274
260 401
262 858
263 313
263 734
263 761
263 797
265 519
265 849
266 532
266 753
267 540
267 872
268 630
269 421
270 458
271 729
272 853
273 995
274 578
275 496
276 529
276 728
276 803
277 655
277 805
278 401
279 628
280 295
280 319
280 878
282 688
283 292
284 497
284 611
284 927
285 955
287 308
287 458
287 496
288 377
288 666
288 830
288 974
289 318
289 697
290 394
292 382
292 396
292 936
293 587
294 836
295 629
295 991
296 493
297 791
298 406
298 762
298 818
298 877
298 918
299 622
300 925
301 375
301 413
301 926
303 385
303 550
304 431
305 427
305 436
305 498
306 619
306 678
306 852
307 324
307 466
309 403
310 629
311 427
311 516
311 517
311 876
312 364
312 380
312 793
314 742
315 886
316 334
317 798
318 408
318 694
318 729
318 743
318 770
318 942
319 449
319 488
319 663
319 906
320 658
321 495
321 606
321 956
321 982
322 335
322 337
323 382
323 505
325 610
325 626
325 996
326 504
327 371
327 520
328 923
329 342
329 520
329 521
329 646
329 887
330 554
331 928
332 533
333 669
334 825
336 364
337 863
338 690
340 355
341 809
342 447
343 563
343 853
344 514
344 542
345 880
345 898
346 356
346 854
347 763
348 714
350 514
351 509
352 380
353 917
354 387
354 617
354 750
355 656
356 456
356 844
356 895
357 434
357 498
358 498
358 547
358 946
359 461
359 830
361 911
362 462
363 757
365 369
366 378
366 425
366 867
367 419
367 837
368 669
369 972
372 488
373 856
373 961
373 972
374 501
374 955
375 752
375 894
376 586
380 563
382 455
382 708
383 465
384 525
384 603
385 501
385 539
385 560
385 575
385 628
385 776
386 446
386 689
387 416
387 868
388 729
389 477
390 847
391 528
393 953
394 918
395 567
396 738
397 469
397 813
398 400
398 455
399 898
402 433
404 415
404 621
404 661
405 675
407 717
407 913
409 740
410 909
411 496
411 498
411 599
411 676
411 809
411 998
412 551
412 885
413 515
413 800
414 770
414 828
414 871
415 950
415 976
417 445
418 684
419 840
419 886
420 445
420 894
421 641
421 947
422 561
422 748
423 658
424 963
426 476
426 502
426 591
426 593
426 992
427 731
428 447
429 755
430 870
432 528
432 896
435 874
437 450
438 537
439 853
440 876
443 709
444 632
445 483
445 601
446 775
448 544
448 732
448 816
449 642
450 481
450 851
451 982
452 464
453 535
453 567
453 907
454 685
457 938
457 964
458 523
458 681
460 579
460 919
461 491
461 561
461 724
461 918
462 689
463 723
465 973
467 552
467 847
469 598
469 742
469 777
471 821
472 731
472 842
473 648
474 827
475 699
475 778
476 682
476 834
477 557
477 919
478 873
479 607
480 500
483 711
483 758
483 804
484 562
484 648
484 782
485 935
486 971
489 661
489 888
491 826
492 727
492 807
494 915
495 629
500 917
500 968
502 783
503 626
504 637
504 944
505 673
505 721
506 943
507 721
507 905
507 961
512 657
513 788
514 592
515 660
516 766
518 809
519 900
520 750
520 760
520 967
522 945
524 531
524 866
524 868
526 558
526 703
528 766
529 607
529 645
533 970
534 776
535 959
536 957
537 630
537 904
538 765
538 980
539 846
541 990
546 846
546 975
547 664
549 759
551 949
553 577
556 954
557 779
560 698
565 673
566 994
567 609
567 715
568 999
569 670
570 616
571 827
572 761
573 623
574 893
575 710
576 831
577 962
579 758
579 806
579 839
580 858
583 635
583 706
584 667
585 772
585 788
587 694
589 801
590 670
590 953
591 869
591 924
592 848
597 845
598 862
599 827
600 870
602 685
605 987
608 999
609 829
610 842
612 962
613 686
613 830
618 992
619 730
624 873
625 740
625 946
629 811
631 691
632 802
635 801
636 697
637 933
638 985
639 714
640 798
643 956
644 939
646 981
647 671
647 857
648 838
649 859
650 701
653 985
657 988
659 718
659 792
662 999
663 902
665 988
668 912
669 915
671 673
671 745
671 820
672 781
674 926
675 788
675 858
676 768
678 995
687 811
689 882
690 876
691 884
692 872
693 931
695 894
696 773
696 831
700 991
701 883
701 913
701 945
702 762
704 763
707 948
709 713
713 921
713 960
719 780
720 969
722 756
725 912
726 858
727 948
728 983
731 993
733 800
734 758
734 841
735 962
739 978
740 814
744 906
746 780
751 799
753 770
755 770
756 847
757 998
759 898
761 765
767 888
769 939
771 948
774 822
776 900
778 895
779 987
785 786
787 883
790 845
791 997
793 956
794 824
796 896
796 952
798 903
801 886
808 854
812 885
819 891
822 901
823 981
824 999
827 963
830 934
833 875
842 977
843 997
844 856
845 981
848 969
853 879
855 859
865 892
869 874
870 952
877 915
883 899
886 970
893 941
897 925
900 912
905 989
907 932
910 959
917 994
920 935
925 929
925 979
927 931
951 986
957 958
984 992
986 989
