0 5 41
0 8 13
0 37 70
0 53 21
0 56 0
0 69 12
1 26 50
1 44 0
1 53 10
1 55 49
1 83 9
2 19 36
2 65 3
3 6 43
3 85 28
3 90 11
4 0 4
4 1 1
4 10 41
4 24 41
4 31 45
4 44 7
4 54 21
4 68 31
4 71 8
4 85 1
5 13 5
5 14 16
5 15 44
5 38 24
5 72 9
6 42 15
6 47 28
6 72 19
6 80 18
6 98 0
7 6 21
7 70 0
7 95 17
8 34 42
8 66 32
8 68 19
8 72 47
8 77 46
8 88 15
8 97 5
9 10 2
9 23 31
9 68 0
9 82 28
9 97 2
10 4 32
10 22 22
10 87 27
11 0 9
11 66 16
12 57 37
12 83 21
12 85 31
12 94 47
13 22 19
13 80 9
13 86 0
14 24 27
14 35 3
14 40 38
15 34 0
15 56 36
15 71 48
15 76 14
15 83 8
15 85 49
16 7 0
16 15 4
16 36 21
16 46 7
16 56 18
16 62 1
16 97 8
16 99 25
17 43 25
17 47 39
17 85 22
18 2 29
18 30 33
18 42 4
18 76 28
19 18 20
19 48 14
20 5 50
20 15 44
20 67 22
20 68 16
20 84 15
21 27 52
21 39 55
21 48 18
21 74 48
21 81 16
21 96 16
21 99 0
22 5 0
22 16 25
22 26 28
22 32 22
22 45 34
22 51 11
22 91 0
22 93 35
23 25 14
23 34 23
23 41 4
23 90 15
24 3 10
24 4 5
24 7 31
24 11 24
24 25 32
24 36 0
24 48 0
25 3 30
25 10 3
25 29 44
25 68 14
25 69 24
25 83 19
25 94 14
26 0 11
26 1 35
26 21 16
26 27 23
26 37 47
26 38 16
26 40 31
26 50 5
26 54 26
26 59 9
26 71 1
26 81 43
26 85 24
27 4 19
27 10 0
27 32 24
27 44 36
27 47 29
27 84 4
28 7 14
28 54 22
28 80 0
29 3 2
29 43 45
29 55 42
29 56 25
29 66 3
29 68 23
30 38 47
30 57 15
30 64 0
30 67 42
30 89 32
31 3 29
31 41 45
31 45 7
31 92 39
31 95 43
31 99 32
32 9 4
32 13 32
32 14 31
32 25 0
32 27 48
32 51 32
32 53 3
32 62 47
32 66 20
32 72 8
32 77 44
32 90 10
33 7 38
33 10 44
33 45 28
33 47 9
33 60 37
33 80 7
33 89 0
34 4 26
34 6 0
34 13 25
34 15 6
34 23 0
34 27 0
34 65 45
34 72 0
34 91 29
35 0 4
35 14 44
35 39 5
35 54 9
35 59 41
36 35 0
36 37 0
36 52 31
36 90 1
36 98 3
37 7 11
37 52 0
37 87 24
37 98 19
38 26 29
38 27 15
38 93 0
39 76 0
39 77 12
39 88 44
40 6 7
40 12 22
40 43 23
40 55 16
41 5 2
41 52 0
41 55 37
41 62 1
41 67 39
42 26 0
42 56 7
42 87 38
43 39 8
43 75 49
44 27 4
44 34 8
44 38 11
44 54 27
44 57 22
44 78 20
44 81 38
44 99 32
45 26 34
45 29 10
45 48 43
46 9 18
46 13 4
46 17 0
46 42 10
46 45 38
46 66 0
47 16 25
47 19 0
47 20 37
47 46 0
47 53 0
47 59 0
47 79 25
48 11 12
48 22 37
48 53 21
48 60 1
48 63 38
48 71 0
48 75 32
48 83 0
48 95 15
49 16 26
49 36 38
49 47 18
49 48 37
49 92 49
50 8 2
50 35 21
50 58 35
50 63 29
50 68 3
50 71 39
50 96 25
51 9 41
51 25 47
51 28 2
51 49 17
51 57 7
51 82 30
51 94 24
52 0 0
52 9 3
52 12 29
52 18 45
52 20 10
52 25 18
52 75 0
52 76 35
53 13 0
53 35 21
53 44 8
53 61 47
53 65 16
53 87 40
53 92 3
54 15 16
54 27 31
54 32 0
54 95 25
55 4 28
55 10 19
55 29 3
55 69 0
56 0 9
56 24 43
56 27 28
56 60 25
56 87 0
57 13 49
57 29 27
57 62 40
57 69 1
57 70 43
57 83 29
58 16 29
58 19 8
58 52 0
58 61 23
58 71 33
58 96 41
59 10 11
59 12 0
59 13 28
60 0 30
60 3 0
60 20 9
60 31 11
60 40 22
60 56 3
60 59 18
60 88 33
60 95 0
61 26 12
61 47 0
61 49 16
61 62 8
61 91 49
62 9 14
62 24 20
62 80 31
62 87 54
63 8 15
63 44 17
63 61 38
63 79 35
63 93 36
64 1 27
64 8 39
64 26 2
64 84 9
65 16 45
65 50 0
65 70 56
65 79 30
65 87 5
66 16 18
66 50 47
66 76 56
66 84 42
66 89 13
66 94 32
67 31 31
67 33 39
67 39 18
67 44 3
67 46 47
67 53 20
68 11 25
68 19 40
68 28 15
68 79 35
68 80 27
68 96 32
69 36 19
69 37 34
69 58 20
69 71 14
69 75 9
69 77 32
69 87 15
70 19 19
70 21 1
70 27 33
70 39 0
71 19 3
71 56 41
71 61 0
71 78 4
72 34 24
72 70 48
72 94 12
73 4 35
73 56 6
73 96 41
74 5 40
74 72 21
75 37 59
75 57 3
75 79 45
75 85 0
76 30 8
76 40 24
77 55 19
78 75 36
78 82 0
78 84 4
79 4 35
79 26 33
79 38 21
79 49 28
79 59 9
79 64 15
80 0 44
80 41 28
80 43 29
80 45 9
80 82 13
81 23 28
81 77 36
82 2 39
82 52 21
82 62 41
82 94 15
83 5 16
83 21 9
83 23 8
83 35 2
83 57 11
83 93 45
84 0 18
84 32 35
85 52 12
85 56 47
85 98 12
86 5 40
86 24 37
86 50 2
86 93 13
87 7 20
87 41 25
87 42 34
87 51 11
87 67 4
87 77 20
87 88 0
88 11 35
88 18 21
88 22 0
88 53 1
88 72 39
88 76 9
88 85 43
88 90 33
88 91 22
88 96 38
89 0 20
89 74 41
89 84 0
89 94 13
90 50 14
90 94 2
90 99 25
91 10 34
91 24 0
91 33 29
91 36 51
91 47 38
91 55 0
91 63 11
91 71 38
91 87 30
92 4 26
92 10 17
92 20 4
92 33 16
92 41 49
92 55 6
92 61 43
93 21 25
93 22 24
93 33 15
93 54 42
93 82 8
94 7 1
94 10 21
94 28 36
94 34 52
94 56 4
94 90 48
94 97 17
95 3 50
95 74 0
95 79 36
95 89 8
96 21 30
96 41 17
96 57 47
97 6 51
97 18 24
97 33 9
97 46 32
97 67 22
97 91 59
98 15 17
98 17 24
98 24 55
98 28 18
98 41 10
98 43 18
98 52 8
99 6 28
99 20 16
99 39 52
99 93 22
99 97 17
0 6 43 -1 5 -3 11 0 4 3 -1 12 -2 -4 16 20 18 0 20 -8 7 5 -13 8 -18 7 7 7 13 3 12 12 7 14 11 -3 -18 -21 17 -4 23 12 10 21 3 18 -5 -6 -7 16 2 11 0 -6 9 -8 -4 3 20 0 1 -6 8 11 8 16 0 4 0 -1 -4 -8 5 INF -1 -4 -4 16 4 25 7 21 1 -3 4 -4 -6 -8 -10 8 1 -14 3 10 3 1 21 5 0 5 
12 0 55 11 17 9 5 12 14 15 -2 24 10 6 28 14 30 12 32 4 17 17 -1 8 -6 18 19 1 25 15 24 24 18 26 5 8 -6 -9 11 8 35 12 22 26 -3 28 7 6 5 28 12 23 12 4 20 4 8 15 32 12 13 6 13 23 20 26 12 16 12 11 8 4 4 INF 11 8 8 28 16 37 17 33 13 6 4 8 4 4 2 20 13 -2 13 8 15 13 33 17 5 17 
8 14 0 7 13 5 19 8 5 11 7 20 6 4 24 28 26 8 28 0 15 13 -5 16 -10 15 15 15 21 11 20 20 15 19 19 5 -10 -13 25 4 31 20 18 29 11 26 3 2 1 24 3 19 8 2 17 0 4 11 28 8 9 2 16 19 16 3 8 12 3 7 4 0 13 INF 7 4 4 24 12 33 15 29 9 5 12 4 2 0 -2 16 9 -6 11 18 11 9 28 10 8 13 
19 25 62 0 24 16 30 12 23 22 18 31 17 15 35 39 37 19 39 11 26 17 6 27 1 26 23 26 32 22 24 31 26 33 30 16 1 -2 36 8 40 31 29 40 22 37 14 13 12 35 21 30 19 13 28 11 15 22 39 19 20 13 27 30 20 35 19 23 19 18 8 11 24 INF 18 15 8 28 23 44 26 33 20 16 23 15 13 11 9 27 13 5 22 29 15 20 33 24 19 17 
4 1 47 3 0 1 6 4 8 7 -1 16 2 0 20 15 22 4 24 -4 11 9 -9 9 -14 11 11 2 17 7 16 16 11 18 6 1 -14 -17 12 0 27 13 14 25 -2 22 -1 -2 -3 20 6 15 4 -2 13 -4 0 7 24 4 5 -2 12 15 12 20 4 8 4 3 0 -4 5 INF 3 0 0 20 8 29 11 25 5 1 5 -3 -2 -4 -6 12 5 -10 7 9 7 5 25 9 4 9 
26 32 68 25 31 0 33 21 12 29 25 38 24 4 19 42 44 26 41 18 33 26 13 34 8 29 32 33 28 29 33 38 29 26 33 19 8 5 27 17 49 38 36 46 29 26 21 20 19 42 10 37 26 20 31 18 22 29 45 26 27 20 34 37 29 42 26 30 10 25 17 18 8 INF 25 22 17 37 30 48 15 42 26 23 22 22 2 18 16 25 27 12 29 18 24 27 35 17 26 26 
11 17 54 10 16 8 0 11 15 14 10 23 9 7 27 20 29 11 31 3 18 16 -2 19 -7 18 15 17 21 14 23 23 18 25 17 8 -7 -10 28 7 34 13 18 21 14 29 6 5 4 27 13 22 11 5 20 3 7 14 31 11 12 5 14 22 19 27 11 15 11 10 7 3 16 INF 10 7 7 27 15 36 18 32 12 8 15 7 5 3 1 19 12 -3 14 21 14 12 32 16 0 16 
25 31 58 22 30 22 22 0 19 28 20 35 13 11 41 37 33 15 35 7 21 5 12 31 7 32 11 24 35 27 12 35 32 31 28 22 7 4 30 -4 28 35 25 40 20 33 10 9 16 31 17 36 25 9 34 16 21 27 44 15 24 9 23 36 8 31 15 29 17 23 -4 7 27 INF 19 21 -4 16 19 40 22 21 16 20 17 21 9 17 15 27 26 11 18 24 28 21 21 22 22 5 
15 21 58 14 20 12 26 15 0 18 14 27 13 11 31 35 33 15 29 7 22 20 2 23 -3 22 22 22 28 18 27 27 22 14 26 12 -3 -6 32 11 38 27 25 36 18 30 10 9 8 31 17 26 15 9 24 7 11 18 35 15 16 9 23 26 23 31 15 19 15 14 11 7 20 INF 14 11 11 31 19 40 19 36 16 12 10 11 9 7 5 13 16 1 18 25 18 16 36 5 15 20 
24 30 55 23 29 21 32 21 24 0 -4 25 18 16 40 41 38 20 26 12 27 26 11 31 6 31 27 28 15 27 33 36 31 11 32 21 6 3 38 17 47 35 30 44 24 24 15 14 17 40 22 35 24 14 33 16 20 27 44 20 25 18 32 35 29 36 20 24 -3 23 17 16 29 INF 23 20 17 37 28 35 13 42 25 21 7 20 14 16 14 10 25 10 23 30 24 25 32 2 24 26 
28 34 71 27 33 25 39 28 32 31 0 40 26 24 44 48 46 28 48 20 35 33 15 36 10 35 35 35 41 31 40 40 35 42 39 25 10 7 45 24 51 40 38 49 31 46 23 22 21 44 30 39 28 22 37 20 24 31 48 28 29 22 36 39 36 44 28 32 28 27 24 20 33 INF 27 24 24 44 32 53 35 49 29 25 32 24 22 20 18 36 29 14 31 38 31 29 49 33 28 33 
9 15 52 8 14 6 20 9 13 12 8 0 7 5 25 29 27 9 29 1 16 14 -4 17 -9 16 16 16 22 12 21 21 16 23 20 6 -9 -12 26 5 32 21 19 30 12 27 4 3 2 25 11 20 9 3 18 1 5 12 29 9 10 3 17 20 17 25 9 13 9 8 5 1 14 INF 8 5 5 25 13 34 16 30 10 6 13 5 3 1 -1 17 10 -5 12 19 12 10 30 14 9 14 
29 35 72 28 34 26 40 29 33 32 28 41 0 25 45 49 47 29 49 21 36 32 16 31 11 32 36 36 42 32 38 41 32 43 40 22 11 8 46 22 52 35 39 50 32 47 24 23 22 45 31 40 29 23 34 21 25 32 49 29 30 23 36 40 34 45 29 33 29 28 25 21 34 INF 28 25 22 42 33 54 36 48 30 20 33 25 23 21 19 37 30 15 32 39 32 30 48 34 29 32 
23 29 64 22 28 20 34 23 8 26 22 34 21 0 39 43 41 23 37 15 30 28 10 31 5 30 30 30 24 26 35 35 30 22 34 20 5 2 40 19 46 35 33 42 26 22 18 17 16 39 6 34 23 17 32 15 19 26 41 23 24 17 31 34 31 39 23 27 6 22 19 15 28 INF 22 19 19 39 27 44 11 44 22 20 18 19 -2 15 13 21 24 9 26 14 26 24 31 13 23 28 
7 13 50 6 12 4 18 7 11 10 6 19 5 3 0 27 25 7 27 -1 14 12 -6 15 -11 10 14 14 20 10 16 19 10 21 18 0 -11 -14 24 0 30 19 17 28 10 25 2 1 0 23 9 18 7 1 12 -1 3 10 27 7 8 1 15 18 12 23 7 11 7 6 3 -1 12 INF 6 3 0 20 11 32 14 28 8 4 11 3 1 -1 -3 15 8 -7 10 17 10 8 28 12 7 12 
4 10 47 3 9 1 -3 4 8 7 -6 16 2 0 20 0 22 4 24 -4 11 9 -9 0 -14 11 11 -3 17 7 16 16 11 18 -3 1 -14 -17 21 0 27 4 14 18 7 22 -1 -2 -3 20 6 15 4 -2 13 -4 0 7 24 4 5 -2 5 15 12 20 4 8 4 3 0 -4 -4 INF 3 0 0 20 8 29 11 25 5 1 0 0 -2 -4 -6 12 5 -10 7 14 7 5 25 9 -3 9 
8 14 51 7 13 5 1 -4 12 11 -2 20 6 4 24 4 0 7 28 0 15 1 -5 4 -10 15 7 1 21 11 8 20 15 17 1 5 -10 -13 25 -8 24 8 17 22 11 26 2 2 1 24 10 19 8 2 17 0 4 11 28 8 9 2 1 19 4 24 7 12 8 7 -8 0 0 INF 7 4 -8 12 12 33 15 17 9 5 4 4 2 0 -2 16 9 -6 11 18 11 9 17 8 1 1 
34 40 77 33 39 31 45 34 38 37 33 46 32 30 50 51 52 0 54 26 41 39 21 42 16 41 40 41 47 37 41 46 41 48 45 31 16 13 51 25 57 44 44 25 37 52 29 28 27 50 36 45 34 28 43 26 30 37 54 34 35 28 42 45 37 50 34 38 34 33 30 26 39 INF 33 30 25 45 38 59 41 55 35 31 38 18 28 26 24 42 35 20 37 44 37 35 55 39 31 39 
11 17 29 10 16 8 18 11 9 14 10 23 3 1 27 27 23 5 0 -3 12 16 -2 19 -7 18 1 14 24 14 23 23 18 23 18 8 -7 -10 20 7 34 23 4 30 10 23 0 -1 4 21 7 22 11 -1 20 3 7 14 31 5 12 -1 13 22 19 21 5 15 7 10 7 -3 16 INF 10 7 7 27 9 30 12 32 6 8 9 7 -1 3 1 17 12 -3 8 15 14 12 32 14 11 16 
26 32 57 21 31 23 35 26 26 29 25 34 20 18 42 44 40 22 28 0 29 31 13 30 8 31 29 31 39 29 37 34 31 40 35 21 8 5 41 21 45 34 32 47 27 40 17 16 15 38 24 37 26 16 33 18 22 29 46 22 23 16 30 37 33 38 22 30 24 25 22 14 31 INF 21 22 21 41 26 47 29 47 23 19 26 22 16 18 16 30 27 12 25 32 29 23 47 31 26 31 
33 39 76 32 38 30 30 33 37 36 23 41 31 29 49 39 51 33 53 25 0 38 20 33 15 40 40 26 31 36 45 45 40 47 30 30 15 12 36 29 56 37 43 51 22 40 28 27 26 49 35 44 33 27 42 25 29 36 53 33 34 27 38 44 41 49 33 22 13 32 29 25 29 INF 32 29 29 49 37 51 29 54 34 30 11 29 27 25 23 41 34 19 36 33 36 34 48 38 30 38 
22 28 61 17 27 19 25 22 22 25 21 30 16 14 38 40 36 18 38 10 16 0 9 26 4 27 25 27 35 25 33 30 27 26 31 17 4 1 37 17 41 30 28 43 23 36 13 12 11 34 20 33 22 12 29 14 18 25 42 18 19 12 26 33 29 34 18 26 20 21 18 10 27 INF 17 18 17 37 22 43 25 16 19 15 22 18 12 14 12 25 23 8 21 19 25 19 16 17 22 0 
13 19 56 12 18 10 24 13 17 16 12 25 11 9 29 33 31 13 33 5 20 18 0 21 -5 20 20 20 26 16 25 25 20 27 24 10 -5 -8 30 9 36 25 23 34 16 31 8 7 6 29 15 24 13 7 22 5 9 16 33 13 14 7 21 24 21 29 13 17 13 12 9 5 18 INF 12 9 9 29 17 38 20 34 14 10 17 9 7 5 3 21 14 -1 16 23 16 14 34 18 13 18 
4 10 47 3 9 1 15 4 8 7 3 16 2 0 20 24 22 4 24 -4 11 9 -9 0 -14 11 11 11 17 7 16 16 11 18 15 1 -14 -17 21 0 27 4 14 25 7 22 -1 -2 -3 20 6 15 4 -2 13 -4 0 7 24 4 5 -2 5 15 12 20 4 8 4 3 0 -4 9 INF 3 0 0 20 8 29 11 25 5 1 8 0 -2 -4 -6 12 5 -10 7 14 7 5 25 9 4 9 
18 24 61 17 23 15 29 18 22 21 17 30 16 14 34 38 36 18 38 10 25 23 5 26 0 25 25 25 31 21 30 30 25 32 29 15 0 -3 35 14 41 30 28 39 21 36 13 12 11 34 20 29 18 12 27 10 14 21 38 18 19 12 26 29 26 34 18 22 18 17 14 10 23 INF 17 14 14 34 22 43 25 39 19 15 22 14 12 10 8 26 19 4 21 28 21 19 39 23 18 23 
20 26 63 19 25 17 31 13 24 23 -1 32 18 16 36 40 38 20 40 12 27 18 7 28 2 0 24 27 31 23 25 32 27 34 31 17 2 -1 37 9 41 32 30 41 23 38 15 14 13 36 22 31 20 14 29 12 16 23 40 20 21 14 28 31 21 36 20 24 13 19 9 12 25 INF 19 16 9 29 24 45 27 34 21 17 24 16 14 12 10 28 21 6 23 30 16 21 34 25 20 18 
14 20 47 13 19 11 17 14 8 17 9 26 2 0 30 26 22 4 24 -4 11 19 1 20 -4 21 0 13 24 16 26 26 21 22 17 11 -4 -7 19 10 34 24 14 29 9 22 -1 -2 7 20 6 25 14 -2 23 5 10 17 33 4 15 -2 12 25 22 20 4 18 6 12 10 -4 16 INF 13 10 10 30 8 29 11 35 5 11 8 10 -2 6 4 16 15 0 7 14 17 15 31 13 14 19 
25 23 68 24 22 22 28 25 29 28 -3 37 23 21 41 37 43 25 45 17 32 30 12 31 7 25 32 0 38 28 37 37 25 39 28 22 7 4 34 21 48 35 35 46 20 43 20 19 18 41 27 36 25 19 34 17 21 28 45 25 26 19 33 36 33 41 25 29 25 24 21 17 27 INF 24 21 21 41 29 50 32 46 26 22 3 19 19 17 15 33 26 11 28 31 28 26 46 30 25 30 
28 34 52 19 33 25 32 10 29 26 19 40 23 21 44 38 40 25 45 17 31 15 15 36 10 20 21 34 0 19 22 40 20 37 35 25 10 7 40 6 38 28 35 29 30 9 20 19 21 41 27 39 28 19 22 20 24 31 48 25 29 19 29 39 18 41 22 32 23 27 6 17 26 INF 27 24 6 26 29 50 -2 31 10 25 27 24 19 20 18 34 29 14 28 34 28 29 31 28 28 15 
19 25 62 0 24 16 22 12 23 22 18 31 17 15 35 25 21 19 39 11 26 17 6 25 1 26 23 22 32 0 24 31 26 33 22 16 1 -2 36 8 40 29 29 40 22 37 14 13 12 35 21 30 19 13 28 11 15 22 39 19 20 13 22 30 20 35 3 23 19 18 8 11 21 INF 18 15 8 28 23 44 26 33 20 16 12 15 13 11 9 15 13 5 22 29 15 20 33 24 19 17 
13 19 46 12 18 10 16 13 7 16 8 25 1 -1 29 25 21 3 23 -5 10 18 0 19 -5 20 -1 12 23 15 0 25 20 21 16 10 -5 -8 18 9 33 23 13 28 8 21 -2 -3 6 19 5 24 13 -3 22 4 9 15 32 3 14 -3 11 24 -4 19 3 17 5 11 9 -5 15 INF 12 9 9 29 7 28 10 34 4 10 5 9 -3 5 3 15 14 -1 6 13 16 14 30 12 13 18 
36 42 79 17 41 33 39 29 40 39 35 48 34 32 52 42 38 36 56 28 43 34 23 42 18 43 38 39 49 17 41 0 43 50 39 33 18 15 53 25 57 45 46 57 39 7 31 30 29 52 38 47 36 30 45 28 32 39 56 36 37 30 39 47 37 52 20 40 36 35 25 28 38 INF 35 32 25 45 40 61 43 50 37 33 29 32 30 28 26 32 30 22 39 46 32 37 50 41 36 32 
18 24 61 17 23 15 18 11 9 6 -1 30 16 1 33 27 36 18 32 10 12 16 5 21 0 0 22 14 21 17 23 30 0 17 18 15 0 -3 24 7 39 25 28 39 10 23 13 12 11 34 7 29 18 -1 27 6 14 21 34 18 19 12 26 29 19 21 18 22 3 13 7 10 6 INF 17 14 7 27 22 41 12 32 19 15 13 14 -1 10 8 16 12 4 8 15 14 19 32 8 18 16 
17 23 58 16 22 14 22 10 13 20 14 29 7 5 33 31 27 9 29 1 16 15 4 25 -1 24 16 18 29 20 22 29 24 0 22 14 -1 -4 28 6 38 29 19 34 14 16 4 3 10 33 11 28 17 3 26 9 13 20 37 9 18 11 25 28 18 25 9 21 11 16 6 9 21 INF 16 13 6 26 21 34 5 31 17 14 -4 13 3 9 7 -1 18 3 12 19 13 18 31 18 17 15 
7 13 50 6 12 4 0 7 11 10 -3 19 5 3 23 9 25 7 27 -1 14 12 -6 3 -11 14 14 0 20 10 19 19 14 21 0 4 -11 -14 24 3 30 7 17 21 10 25 2 1 0 23 9 18 7 1 16 -1 3 10 27 7 8 1 8 18 15 23 7 11 7 6 3 -1 -1 INF 6 3 3 23 11 32 14 28 8 4 3 3 1 -1 -3 15 8 -7 10 17 10 8 28 12 0 12 
7 13 50 6 12 4 18 7 11 10 6 19 5 3 23 27 25 7 27 -1 14 12 -6 15 -11 10 14 14 20 10 16 19 10 21 18 0 -11 -14 24 0 30 19 17 28 10 25 2 1 0 23 9 18 7 1 12 -1 3 10 27 7 8 1 15 18 12 23 7 11 7 6 3 -1 12 INF 6 3 0 20 11 32 14 28 8 4 11 3 1 -1 -3 15 8 -7 10 17 10 8 28 12 7 12 
18 24 61 17 23 15 29 18 22 21 17 30 16 14 34 38 36 18 38 10 25 23 5 26 0 25 25 25 31 21 30 30 25 32 29 15 0 -3 35 14 41 30 28 39 21 36 13 12 11 34 20 29 18 12 27 10 14 21 38 18 19 12 26 29 26 34 18 22 18 17 14 10 23 INF 17 14 14 34 22 43 25 39 19 15 22 14 12 10 8 26 19 4 21 28 21 19 39 23 18 23 
21 27 64 20 26 18 32 21 25 24 20 33 19 17 37 41 39 21 41 13 28 26 8 29 3 28 28 28 34 24 33 33 28 35 32 18 3 0 38 17 44 33 31 42 24 39 16 15 14 37 23 32 21 15 30 13 17 24 41 21 22 15 29 32 29 37 21 25 21 20 17 13 26 INF 20 17 17 37 25 46 28 42 22 18 25 17 15 13 11 29 22 7 24 31 24 22 42 26 21 26 
24 30 47 23 29 21 35 20 28 27 9 36 22 20 40 44 42 24 44 16 31 25 11 32 6 31 26 12 37 27 32 36 31 15 35 21 6 3 0 16 47 36 34 45 27 31 19 18 17 40 26 35 24 18 33 16 20 27 44 24 25 18 32 35 28 40 24 28 24 23 16 16 29 INF 23 20 16 36 28 49 20 41 5 21 11 20 18 16 14 14 25 10 27 -3 23 25 41 29 24 25 
29 35 62 28 34 26 32 29 23 32 24 41 17 15 45 41 37 19 39 11 26 34 16 35 11 36 15 28 39 31 16 41 36 37 32 26 11 8 34 0 32 39 29 44 24 37 14 13 22 35 21 40 29 13 38 20 25 31 48 19 30 13 27 40 12 35 19 33 21 27 25 11 31 INF 28 25 0 20 23 44 26 50 20 26 21 25 13 21 19 31 30 15 22 29 32 30 46 28 29 34 
15 21 58 14 20 12 4 15 19 18 14 27 13 11 31 24 33 15 35 7 22 20 2 23 -3 22 19 21 25 18 27 27 22 29 21 12 -3 -6 32 11 0 17 22 23 18 33 10 9 8 31 17 26 15 9 24 7 11 18 35 15 16 9 18 26 23 31 15 19 15 14 11 7 20 INF 14 11 11 31 19 40 22 36 16 12 19 11 9 7 5 23 16 1 18 25 18 16 36 20 4 20 
0 6 43 -1 5 -3 11 0 4 3 -1 12 -2 -4 16 20 18 0 20 -8 7 5 -13 8 -18 7 7 7 13 3 12 12 7 14 11 -3 -18 -21 17 -4 23 0 10 21 3 18 -5 -6 -7 16 2 11 0 -6 9 -8 -4 3 20 0 1 -6 1 11 8 16 0 4 0 -1 -4 -8 5 INF -1 -4 -4 16 4 25 7 21 1 -3 4 -4 -6 -8 -10 8 1 -14 3 10 3 1 21 5 0 5 
7 13 44 6 12 4 14 7 5 10 6 19 -1 -3 23 23 19 1 21 -7 8 12 -6 15 -11 14 -3 10 20 10 19 19 14 19 14 4 -11 -14 16 3 30 19 0 26 6 19 -4 -5 0 17 3 18 7 -5 16 -1 3 10 27 1 8 -5 9 18 15 17 1 11 3 6 3 -7 12 INF 6 3 3 23 5 26 8 28 2 4 5 3 -5 -1 -3 13 8 -7 4 11 10 8 28 10 7 12 
29 35 62 28 34 26 32 29 23 32 24 41 17 15 45 41 37 19 39 11 26 34 16 35 11 36 15 28 39 31 16 41 36 37 32 26 11 8 34 0 32 39 29 0 24 37 14 13 22 35 21 40 29 13 38 20 25 31 48 19 30 13 27 40 12 35 19 33 21 27 25 11 31 INF 28 25 0 20 23 44 26 50 20 26 21 25 13 21 19 31 30 15 22 29 32 30 46 28 29 34 
15 21 58 14 20 12 8 15 19 18 1 27 13 11 31 17 33 15 35 7 22 20 2 11 -3 22 22 4 28 18 27 27 22 29 8 12 -3 -6 14 11 38 15 25 29 0 33 10 9 8 31 17 26 15 9 24 7 11 18 35 15 16 9 16 26 23 31 15 19 15 14 11 7 7 INF 14 11 11 31 19 40 22 36 16 12 7 11 9 7 5 23 16 1 18 11 18 16 36 20 8 20 
29 35 72 10 34 26 32 22 33 32 28 41 27 25 45 35 31 29 49 21 36 27 16 35 11 36 31 32 42 10 34 41 36 43 32 26 11 8 46 18 50 39 39 50 32 0 24 23 22 45 31 40 29 23 38 21 25 32 49 29 30 23 32 40 30 45 13 33 29 28 18 21 31 INF 28 25 18 38 33 54 36 43 30 26 22 25 23 21 19 25 23 15 32 39 25 30 43 34 29 27 
22 28 59 21 27 19 24 19 13 23 19 34 14 5 38 27 23 5 36 8 23 24 9 27 4 29 12 24 29 25 31 34 29 27 24 19 4 1 31 15 45 31 15 30 21 27 0 10 15 32 11 33 22 10 31 14 18 25 42 16 23 10 24 33 27 32 5 26 11 21 15 8 23 INF 21 18 15 35 20 41 16 40 17 19 14 18 3 14 12 17 23 8 19 19 25 23 36 18 22 24 
23 29 55 18 28 20 19 20 10 24 11 32 4 2 39 28 24 6 26 -2 13 25 10 22 5 29 13 15 26 18 32 32 29 24 19 19 5 2 25 16 43 26 16 31 11 24 1 0 13 33 8 34 23 0 31 7 19 26 35 6 21 11 25 34 28 22 6 27 8 14 16 9 18 INF 19 19 16 36 21 31 13 41 18 17 15 19 0 15 13 18 24 9 9 16 26 21 33 15 19 25 
11 17 50 6 16 8 20 11 11 14 10 19 5 3 27 29 25 7 27 -1 14 16 -2 15 -7 16 14 16 24 14 22 19 16 25 20 6 -7 -10 26 6 30 19 17 32 12 25 2 1 0 23 9 22 11 1 18 3 7 14 31 7 8 1 15 22 18 23 7 15 9 10 7 -1 16 INF 6 7 6 26 11 32 14 32 8 4 11 7 1 3 1 15 12 -3 10 17 14 8 32 16 11 16 
34 40 67 30 39 31 27 22 22 36 23 44 16 14 50 30 26 18 38 10 25 27 21 30 16 41 25 27 38 30 34 44 41 36 27 31 16 13 37 18 50 34 28 43 23 36 13 12 25 0 20 45 34 12 43 19 30 37 47 18 33 23 27 45 30 34 18 38 20 26 18 21 26 INF 31 30 18 38 33 43 25 43 30 29 27 30 12 26 24 30 35 20 21 28 37 33 43 27 27 27 
17 23 60 16 22 14 28 17 2 20 16 28 15 13 33 37 35 17 31 9 24 22 4 25 -1 24 24 24 18 20 29 29 24 16 28 14 -1 -4 34 13 40 29 27 38 20 27 12 11 10 33 0 28 17 11 26 9 13 20 35 17 18 11 25 28 25 33 17 21 0 16 13 9 22 INF 16 13 13 33 21 38 16 38 18 14 12 13 11 9 7 15 18 3 20 27 20 18 25 7 17 22 
23 29 54 21 28 20 34 12 26 26 21 35 20 18 39 40 40 22 42 14 29 17 10 31 5 22 23 30 2 21 24 35 22 37 34 20 5 2 40 8 40 30 32 31 26 11 17 16 16 17 24 0 23 16 24 15 19 7 28 22 24 16 30 34 20 38 22 27 23 7 8 14 28 INF 22 13 8 28 26 47 0 33 12 20 26 13 16 15 13 31 24 9 25 32 24 24 33 28 23 17 
0 6 43 -1 5 -3 11 0 4 3 -1 12 -2 -4 16 20 18 0 20 -8 7 5 -13 8 -18 7 7 7 13 3 12 12 7 14 11 -3 -18 -21 17 -4 23 12 10 21 3 18 -5 -6 -7 16 2 11 0 -6 9 -8 -4 3 20 0 1 -6 8 11 8 16 0 4 0 -1 -4 -8 5 INF -1 -4 -4 16 4 25 7 21 1 -3 4 -4 -6 -8 -10 8 1 -14 3 10 3 1 21 5 0 5 
25 31 66 18 30 22 19 25 10 28 12 36 23 2 41 28 39 25 39 17 13 30 12 22 7 32 32 15 26 18 37 37 32 24 19 22 7 4 25 21 48 26 35 40 11 24 20 19 18 41 8 36 25 0 34 7 21 27 35 25 26 19 27 36 33 22 21 29 8 14 21 17 18 INF 24 20 21 41 29 46 13 46 24 22 18 20 0 17 15 23 26 11 9 16 28 26 33 15 19 30 
16 22 59 15 21 13 13 9 7 4 -3 28 14 -1 31 16 34 16 30 8 10 14 3 16 -2 -2 20 12 19 15 21 28 -2 15 13 13 -2 -5 22 5 37 20 26 34 8 21 11 10 9 32 5 27 16 -3 0 4 12 19 32 16 17 10 21 27 17 19 16 20 1 11 5 8 4 INF 15 12 5 25 20 39 10 30 17 13 11 12 -3 8 6 14 10 2 6 13 12 17 30 6 13 14 
23 29 65 11 28 20 33 23 26 26 21 35 20 18 39 36 32 22 42 14 29 28 10 31 5 30 29 30 36 11 35 35 30 37 33 20 5 2 40 19 46 35 32 44 26 40 17 16 16 38 24 34 23 16 32 0 19 20 28 22 24 16 30 34 31 38 14 27 23 7 19 14 28 INF 22 13 19 39 26 47 29 44 23 20 23 13 16 15 13 26 24 9 25 32 26 24 44 28 23 28 
4 10 47 3 9 1 15 4 8 7 3 16 2 0 20 24 22 4 24 -4 11 9 -9 12 -14 11 11 11 17 7 16 16 11 18 15 1 -14 -17 21 0 27 16 14 25 7 22 -1 -2 -3 20 6 15 4 -2 13 -4 0 7 24 4 5 -2 12 15 12 20 4 8 4 3 0 -4 9 INF 3 0 0 20 8 29 11 25 5 1 8 0 -2 -4 -6 12 5 -10 7 14 7 5 25 9 4 9 
16 22 58 15 21 13 27 16 19 19 15 28 13 11 32 36 33 15 35 7 22 21 3 24 -2 23 22 23 29 19 28 28 23 30 27 13 -2 -5 33 12 39 28 25 37 19 33 10 9 9 31 17 27 16 9 25 8 12 0 21 15 17 9 23 27 24 31 15 20 16 0 12 7 21 INF 15 6 12 32 19 40 22 37 16 13 19 6 9 8 6 24 17 2 18 25 19 17 37 21 16 21 
0 6 43 -1 5 -3 11 0 4 3 -1 12 -2 -4 16 20 18 0 20 -8 7 5 -13 8 -18 7 7 7 13 3 12 12 7 14 11 -3 -18 -21 17 -4 23 12 10 21 3 18 -5 -6 -7 16 2 11 0 -6 9 -8 -4 3 0 0 1 -6 8 11 8 16 0 4 0 -1 -4 -8 5 INF -1 -4 -4 16 4 25 7 21 1 -3 4 -4 -6 -8 -10 8 1 -14 3 10 3 1 21 5 0 5 
27 33 70 26 32 24 38 27 31 30 5 39 -2 23 43 47 45 27 47 19 34 30 14 29 9 30 34 34 40 30 36 39 30 41 38 20 9 6 44 20 50 33 37 48 30 45 22 21 20 43 29 38 27 21 32 19 23 30 47 0 28 21 34 38 32 43 27 31 27 26 23 19 32 INF 26 23 20 40 31 52 34 46 28 18 31 23 21 19 17 35 28 13 30 37 30 28 46 32 27 30 
3 9 46 -2 8 0 14 3 7 6 2 15 1 -1 19 23 21 3 23 -5 9 8 -10 11 -15 10 10 10 16 6 15 11 10 17 14 0 -15 -18 20 -1 22 15 13 24 6 18 -2 -3 -4 19 5 14 3 -3 12 -5 -1 6 23 3 0 -3 11 14 11 19 3 7 3 2 -1 -5 8 INF -2 -1 -1 19 7 28 10 24 4 0 4 -1 -3 -5 -7 7 4 -11 6 13 6 0 24 8 3 8 
23 29 55 18 28 20 19 20 10 24 11 32 4 2 39 28 24 6 26 -2 13 25 10 22 5 29 13 15 26 18 32 32 29 24 19 19 5 2 25 16 43 26 16 31 11 24 1 0 13 22 8 34 23 0 31 7 19 26 35 6 21 0 14 34 28 22 6 27 8 14 16 9 18 INF 19 19 16 36 21 31 13 41 18 17 15 19 0 15 13 18 24 9 9 16 26 21 33 15 19 25 
20 26 63 19 25 17 31 20 24 14 10 32 18 16 36 40 38 20 40 12 27 25 7 28 2 27 27 27 29 23 32 32 27 25 31 17 2 -1 37 16 43 32 30 41 23 38 15 14 13 36 22 31 20 14 29 12 16 23 40 20 21 14 0 31 28 36 20 24 11 19 16 12 25 INF 19 16 16 36 24 45 27 41 21 17 21 16 14 12 10 24 21 6 23 30 23 21 41 16 20 25 
29 35 72 28 34 26 22 29 15 32 15 41 27 25 45 31 47 29 44 21 36 34 16 25 11 36 36 18 42 32 41 41 36 29 22 26 11 8 28 25 52 29 39 43 14 45 24 23 22 45 31 40 29 23 38 21 25 32 49 29 30 23 30 0 37 45 29 33 29 28 25 21 21 INF 28 25 25 45 33 35 34 50 30 26 21 25 23 21 19 28 30 15 32 25 32 30 50 20 22 34 
17 23 50 16 22 14 20 17 11 20 12 29 5 3 33 29 25 7 27 -1 14 22 4 23 -1 24 3 16 27 19 29 29 24 25 20 14 -1 -4 22 13 37 27 17 32 12 25 2 1 10 23 9 28 17 1 26 8 13 20 36 7 18 1 15 28 0 23 7 21 9 15 13 -1 19 INF 16 13 13 33 11 32 14 38 8 14 9 13 1 9 7 19 18 3 10 17 20 18 34 16 17 22 
5 11 48 4 10 2 16 5 2 8 4 17 3 1 21 25 23 5 25 -3 12 10 -8 13 -13 12 12 12 18 8 17 17 12 16 16 2 -13 -16 22 1 28 17 15 26 8 23 0 -1 -2 21 0 16 5 -1 14 -3 1 8 25 5 6 -1 13 16 13 0 5 9 0 4 1 -3 10 INF 4 1 1 21 9 30 12 26 6 2 9 1 -1 -3 -5 13 6 -9 8 15 8 6 25 7 5 10 
26 32 69 25 31 23 19 14 30 29 16 38 24 22 42 22 18 25 46 18 33 19 13 22 8 33 25 19 39 29 26 38 33 35 19 23 8 5 43 10 42 26 35 40 29 44 20 20 19 42 28 37 26 20 35 18 22 29 46 26 27 20 19 37 22 42 0 30 26 25 10 18 18 INF 25 22 10 30 30 51 33 35 27 23 9 22 20 18 16 12 27 12 29 36 26 27 35 26 19 19 
15 21 58 14 20 12 8 15 19 18 1 27 13 11 31 17 33 15 35 7 22 20 2 11 -3 22 22 4 28 18 26 27 22 29 8 12 -3 -6 14 10 38 15 25 29 0 33 10 9 8 31 17 26 15 9 24 7 11 18 35 15 16 9 16 26 22 31 15 0 15 14 11 7 7 INF 14 11 10 30 19 40 22 36 16 12 7 11 9 7 5 23 16 1 18 11 18 16 36 20 8 20 
37 43 70 36 42 34 48 28 41 40 36 28 35 33 53 56 55 37 57 29 44 33 24 45 19 38 39 44 18 37 40 49 38 51 48 34 19 16 54 24 56 46 47 47 40 27 32 31 30 53 39 48 37 31 40 29 33 40 57 37 38 31 45 48 36 53 37 41 0 36 24 29 42 INF 36 33 24 44 41 38 16 49 28 34 41 33 31 29 27 45 38 23 40 47 40 38 35 42 37 33 
16 22 58 15 21 13 27 16 19 19 15 28 13 11 32 36 33 15 35 7 22 21 3 24 -2 23 22 23 29 19 28 28 23 30 27 13 -2 -5 33 12 39 28 25 37 19 33 10 9 9 31 17 27 16 9 25 8 12 13 21 15 17 9 23 27 24 31 15 20 16 0 12 7 21 INF 15 6 12 32 19 40 22 37 16 13 19 6 9 8 6 24 17 2 18 25 19 17 37 21 16 21 
29 35 62 26 34 26 32 29 23 32 24 39 17 15 45 41 37 19 39 11 25 9 16 35 11 36 15 28 39 31 16 39 36 35 32 26 11 8 34 0 32 39 29 44 24 37 14 13 20 35 21 40 29 13 38 20 25 31 48 19 28 13 27 40 12 35 19 33 21 27 0 11 31 INF 26 25 0 20 23 44 26 25 20 24 21 25 13 21 19 31 30 15 22 28 32 28 25 26 29 9 
25 31 51 20 30 22 21 22 12 26 13 34 6 4 41 30 26 8 28 0 15 27 12 24 7 31 15 17 28 20 34 34 31 26 21 21 7 4 27 18 45 28 18 33 13 26 3 2 15 24 10 36 25 2 33 9 21 28 37 8 23 2 16 36 30 24 8 29 10 16 18 0 20 INF 21 21 18 38 12 33 15 43 9 19 12 21 2 17 15 20 26 11 11 18 27 23 35 17 21 27 
20 26 63 19 25 17 25 13 24 23 19 32 18 16 36 34 38 20 40 12 27 18 7 28 2 27 24 25 33 23 25 32 27 34 25 17 2 -1 37 9 41 32 30 41 23 38 15 14 13 36 22 31 20 14 29 12 16 23 40 20 21 14 28 31 21 36 20 24 20 19 9 12 0 INF 19 16 9 29 24 45 27 34 21 17 24 16 14 12 10 28 21 6 23 30 16 21 34 25 20 18 
6 12 49 5 11 3 17 6 10 9 5 18 4 2 22 26 24 6 26 -2 13 11 -7 14 -12 13 13 13 19 9 18 18 13 20 17 3 -12 -15 23 2 29 18 16 27 9 24 1 0 -1 22 8 17 6 0 15 -2 2 9 26 6 7 0 14 17 14 22 6 10 6 5 2 -2 11 0 5 2 2 22 10 31 13 27 7 3 10 2 0 -2 -4 14 7 -8 9 16 9 7 27 11 6 11 
39 45 82 38 44 36 44 32 43 42 38 51 37 35 55 53 57 39 59 31 46 37 26 47 21 46 43 44 52 42 44 51 46 53 44 36 21 18 56 28 60 51 49 60 42 57 34 33 32 55 41 50 39 33 48 31 35 42 59 39 40 33 47 50 40 55 39 43 39 38 28 31 19 INF 0 35 28 48 43 64 46 53 40 36 43 35 33 31 29 47 40 25 42 49 35 40 53 44 39 37 
16 22 59 15 21 13 27 16 20 19 15 28 14 12 32 33 34 16 36 8 23 21 3 24 -2 23 23 23 29 19 28 28 23 30 27 13 -2 -5 33 12 39 26 26 34 19 34 11 10 9 32 18 27 16 10 25 8 12 7 28 16 17 10 24 27 24 32 16 20 16 7 12 8 21 INF 15 0 12 32 20 41 23 37 17 13 20 0 10 8 6 24 17 2 19 26 19 17 37 21 13 21 
29 35 62 28 34 26 32 29 23 32 24 41 17 15 45 41 37 19 39 11 26 34 16 35 11 36 15 28 39 31 16 41 36 37 32 26 11 8 34 25 32 39 29 44 24 37 14 13 22 35 21 40 29 13 38 20 25 31 48 19 30 13 27 40 12 35 19 33 21 27 25 11 31 INF 28 25 0 45 23 44 26 50 20 26 21 25 13 21 19 31 30 15 22 29 32 30 46 28 29 34 
34 40 76 22 39 31 44 34 37 37 32 46 31 29 50 47 43 33 53 25 40 39 21 42 16 41 40 41 47 22 46 46 41 48 44 31 16 13 51 30 57 46 43 55 37 51 28 27 27 49 35 45 34 27 43 11 30 31 39 33 35 27 41 45 42 49 25 38 34 18 30 25 39 INF 33 24 30 0 37 58 40 55 34 31 34 24 27 26 24 37 35 20 36 43 37 35 55 39 34 39 
19 25 39 18 24 16 30 12 23 22 18 31 17 15 35 39 37 19 39 11 26 17 6 27 1 26 23 26 32 22 24 31 26 33 30 16 1 -2 36 8 40 31 29 40 22 37 14 13 12 35 21 30 19 13 28 11 15 22 39 19 20 13 27 30 20 35 19 23 19 18 8 11 24 INF 18 15 8 28 0 44 26 33 -3 16 0 15 13 11 9 27 20 5 22 29 15 20 33 24 19 17 
28 34 61 27 33 25 31 28 22 31 14 40 7 14 44 40 36 18 38 10 25 33 15 34 10 35 14 27 38 30 40 40 35 36 31 25 10 7 21 24 48 38 28 43 23 36 13 12 21 28 20 39 28 12 37 19 24 31 47 9 29 12 26 39 11 34 18 32 20 26 24 10 30 INF 27 24 24 44 22 0 25 49 19 25 20 24 12 20 18 30 29 14 21 18 31 29 45 27 28 33 
30 36 54 21 35 27 41 27 34 33 29 42 28 26 46 46 42 30 50 22 37 32 17 38 12 37 37 37 43 21 39 42 37 44 41 27 12 9 47 23 53 30 40 31 33 11 25 24 23 46 32 41 30 24 39 22 26 33 50 30 31 24 31 41 35 46 24 34 30 29 23 22 35 INF 29 26 23 43 34 55 0 48 12 27 33 26 24 22 20 36 31 16 33 40 30 31 48 35 30 32 
32 38 75 31 37 29 43 32 36 35 31 44 30 28 48 52 50 32 52 24 39 37 19 28 14 39 39 39 45 35 44 44 39 46 43 29 14 11 49 28 55 32 42 53 35 50 27 26 25 48 34 43 32 26 41 24 28 35 52 32 33 26 33 43 40 48 32 36 32 31 28 24 37 INF 31 28 28 36 36 57 39 0 33 29 36 28 26 24 22 40 33 18 35 42 35 33 53 37 32 37 
22 28 42 21 27 19 33 15 26 25 21 34 20 18 38 42 40 22 42 14 29 20 9 30 4 29 26 29 35 25 27 34 29 36 33 19 4 1 39 11 43 34 32 43 25 40 17 16 15 38 24 33 22 16 31 14 18 25 42 22 23 16 30 33 23 38 22 26 22 21 11 14 27 INF 21 18 11 31 26 47 29 36 0 19 26 18 16 14 12 30 23 8 25 32 18 23 36 27 22 20 
9 15 52 8 14 6 20 9 13 12 8 21 7 5 25 29 27 9 29 1 16 12 -4 11 -9 12 16 16 22 12 18 21 12 23 20 2 -9 -12 26 2 32 15 19 30 12 27 4 3 2 25 11 20 9 3 14 1 5 12 29 9 10 3 16 20 14 25 9 13 9 8 5 1 14 INF 8 5 2 22 13 34 16 28 10 0 13 5 3 1 -1 17 10 -5 12 19 12 10 28 14 9 12 
22 28 65 21 27 19 33 22 26 25 21 34 20 18 38 42 40 22 42 14 29 27 9 30 4 29 29 29 35 25 34 34 29 36 33 19 4 1 39 18 45 34 32 43 25 40 17 16 15 38 24 33 22 16 31 14 18 25 42 22 23 16 30 33 30 38 22 26 22 21 18 14 27 INF 21 18 18 38 26 47 29 43 23 19 0 18 16 14 12 30 23 8 25 32 25 23 43 27 22 27 
16 22 59 15 21 13 27 16 20 19 15 28 14 12 32 33 34 16 36 8 23 21 3 24 -2 23 23 23 29 19 28 28 23 30 27 13 -2 -5 33 12 39 26 26 34 19 34 11 10 9 32 18 27 16 10 25 8 12 19 36 16 17 10 24 27 24 32 16 20 16 15 12 8 21 INF 15 12 12 32 20 41 23 37 17 13 20 0 10 8 6 24 17 2 19 26 19 17 37 21 13 21 
25 31 66 24 30 22 36 25 10 28 24 36 23 21 41 45 43 25 39 17 32 30 12 33 7 32 32 32 26 28 37 37 32 24 36 22 7 4 42 21 48 37 35 46 28 35 20 19 18 41 8 36 25 19 34 17 21 28 43 25 26 19 33 36 33 41 25 29 8 24 21 17 30 INF 24 21 21 41 29 46 24 46 24 22 20 21 0 17 15 23 26 11 28 16 28 26 33 15 25 30 
8 14 51 7 13 5 19 8 12 11 7 20 6 4 24 28 26 8 28 0 15 13 -5 16 -10 15 15 15 21 11 20 20 15 22 19 5 -10 -13 25 4 31 20 18 29 11 26 3 2 1 24 10 19 8 2 17 0 4 11 28 8 9 2 16 19 16 24 8 12 8 7 4 0 13 INF 7 4 4 24 12 33 15 29 9 5 12 4 2 0 -2 16 9 -6 11 18 11 9 29 13 8 13 
10 16 53 9 15 7 21 10 14 13 9 22 8 6 26 30 28 10 30 2 17 15 -3 18 -8 17 17 17 23 13 22 22 17 24 21 7 -8 -11 27 6 33 22 20 31 13 28 5 4 3 26 12 21 10 4 19 2 6 13 30 10 11 4 18 21 18 26 10 14 10 9 6 2 15 INF 9 6 6 26 14 35 17 31 11 7 14 6 4 2 0 18 11 -4 13 20 13 11 31 15 10 15 
18 24 61 17 23 15 29 11 22 21 17 30 16 14 34 38 36 18 38 10 25 16 5 26 0 25 22 25 31 21 23 30 25 32 29 15 0 -3 35 7 39 30 28 39 21 36 13 12 11 34 20 29 18 12 27 10 14 21 38 18 19 12 26 29 19 34 18 22 18 17 7 10 23 INF 17 14 7 27 22 43 25 32 19 15 -3 14 12 10 8 0 19 4 21 28 14 19 32 23 18 16 
6 12 49 5 11 3 17 -1 10 9 5 18 4 2 22 26 24 6 26 -2 13 4 -7 14 -12 13 10 13 19 9 11 18 13 20 17 3 -12 -15 23 -5 27 18 16 27 9 24 1 0 -1 22 8 17 6 0 15 -2 2 9 26 6 7 0 14 17 7 22 6 10 6 5 -5 -2 11 INF 5 2 -5 15 10 31 13 20 7 3 10 2 0 -2 -4 14 0 -8 9 16 2 7 20 11 6 4 
14 20 57 13 19 11 25 14 18 17 13 26 12 10 30 34 32 14 34 6 21 19 1 22 -4 21 21 21 27 17 26 26 21 28 25 11 -4 -7 31 10 37 26 24 35 17 32 9 8 7 30 16 25 14 8 23 6 10 17 34 14 15 8 22 25 22 30 14 18 14 13 10 6 19 INF 13 10 10 30 18 39 21 35 15 11 18 10 8 6 4 22 15 0 17 24 17 15 35 19 14 19 
21 27 63 9 26 18 31 21 24 24 11 33 18 16 37 34 30 20 40 12 4 26 8 29 3 28 27 28 34 9 33 33 28 16 31 18 3 0 38 17 44 33 30 42 24 32 15 14 14 36 22 32 21 14 30 -2 17 18 26 20 22 14 28 32 29 36 12 25 17 5 17 12 26 INF 20 11 17 37 24 45 21 42 21 18 12 11 14 13 11 15 22 7 0 30 24 22 42 26 21 26 
27 33 50 26 32 24 38 23 31 30 26 39 25 23 43 47 45 27 47 19 34 28 14 35 9 34 34 34 40 30 35 39 34 18 38 24 9 6 44 19 50 39 37 48 30 34 22 21 20 43 29 38 27 21 36 19 23 30 47 27 28 21 35 38 31 43 27 31 27 26 19 19 32 INF 26 23 19 39 31 52 23 44 8 24 14 23 21 19 17 17 28 13 30 0 26 28 44 32 27 28 
4 10 47 3 9 1 15 -3 8 7 3 16 2 0 20 24 22 4 24 -4 11 2 -9 12 -14 11 8 11 17 7 9 16 11 18 15 1 -14 -17 21 -7 25 16 14 25 7 22 -1 -2 -3 20 6 15 4 -2 13 -4 0 7 24 4 5 -2 12 15 5 20 4 8 4 3 -7 -4 9 INF 3 0 -7 13 8 29 11 18 5 1 8 0 -2 -4 -6 12 5 -10 7 14 0 5 18 9 4 2 
25 31 68 24 30 22 36 18 29 28 24 37 23 21 41 45 43 25 45 17 32 23 12 33 7 32 29 32 38 28 30 37 32 39 36 22 7 4 42 14 46 37 35 46 28 43 20 19 18 41 27 36 25 19 34 17 21 28 45 25 26 19 33 36 26 41 25 29 25 24 14 17 17 INF -2 21 14 34 29 36 32 39 26 22 4 21 19 17 15 7 26 11 28 35 21 0 39 30 25 23 
17 23 60 16 22 14 28 17 21 20 16 29 15 13 33 37 35 17 37 9 24 22 4 25 -1 24 24 24 30 20 29 29 24 31 28 14 -1 -4 34 13 40 17 27 38 20 35 12 11 10 33 19 28 17 11 26 9 13 20 37 17 18 11 18 28 25 33 17 21 17 16 13 9 22 INF 16 13 13 33 21 42 24 38 18 14 21 13 11 9 7 25 18 3 20 27 20 18 0 22 17 22 
26 32 53 25 31 23 30 19 22 29 23 38 16 14 42 39 36 18 24 10 25 24 13 33 8 33 25 26 38 29 31 38 33 9 30 23 8 5 36 15 47 37 28 43 22 25 13 12 19 42 20 37 26 12 35 18 22 29 46 18 27 20 34 37 27 34 18 22 20 25 15 18 29 INF 25 22 15 35 30 43 14 40 26 23 5 22 12 18 16 8 27 12 21 28 22 27 40 0 26 24 
11 17 54 10 16 8 17 11 15 14 10 23 9 7 27 20 29 11 31 3 18 16 -2 19 -7 18 18 17 21 14 23 23 18 25 17 8 -7 -10 28 7 34 13 21 21 14 29 6 5 4 27 13 22 11 5 20 3 7 14 31 11 12 5 14 22 19 27 11 15 11 10 7 3 16 INF 10 7 7 27 15 36 18 32 12 8 15 7 5 3 1 19 12 -3 14 21 14 12 32 16 0 16 
36 42 69 35 41 33 25 36 39 39 35 48 33 31 52 45 53 35 41 27 16 41 23 44 18 43 40 42 46 39 48 48 43 26 42 33 18 15 52 32 59 38 43 46 38 42 30 29 29 52 37 47 36 29 45 28 32 39 56 35 37 30 39 47 44 51 35 38 29 35 32 28 41 INF 35 32 32 52 40 60 31 57 27 33 22 32 29 28 26 25 37 22 38 19 39 37 57 17 25 0 
