101 5050
0 91
0 15
0 84
0 2
0 56
0 36
0 51
0 59
0 64
0 1
0 82
0 47
0 78
0 81
0 71
0 44
0 38
0 35
0 11
0 3
0 61
0 60
0 90
0 17
0 52
0 28
0 100
0 68
0 46
0 57
0 40
0 31
0 7
0 74
0 27
0 72
0 5
0 79
0 55
0 30
0 80
0 98
0 41
0 48
0 53
0 75
0 62
0 50
0 63
0 33
0 32
0 86
0 94
0 92
0 96
0 83
0 37
0 77
0 43
0 16
0 42
0 25
0 4
0 54
0 99
0 29
0 12
0 21
0 14
0 73
0 69
0 76
0 70
0 34
0 58
0 6
0 22
0 23
0 87
0 85
0 89
0 67
0 88
0 93
0 95
0 65
0 49
0 24
0 8
0 18
0 13
0 19
0 26
0 97
0 66
0 9
0 39
0 45
0 20
0 10
1 4
1 98
1 33
1 61
1 94
1 78
1 70
1 13
1 19
1 2
1 52
1 100
1 92
1 97
1 34
1 12
1 35
1 60
1 10
1 67
1 99
1 65
1 82
1 30
1 24
1 59
1 41
1 29
1 7
1 87
1 51
1 68
1 21
1 80
1 38
1 58
1 90
1 96
1 16
1 88
1 62
1 53
1 26
1 46
1 75
1 18
1 79
1 76
1 77
1 32
1 42
1 3
1 54
1 69
1 43
1 93
1 27
1 64
1 71
1 74
1 40
1 84
1 25
1 83
1 86
1 8
1 91
1 56
1 72
1 23
1 57
1 81
1 31
1 45
1 44
1 11
1 36
1 47
1 9
1 6
1 66
1 20
1 48
1 50
1 63
1 49
1 28
1 39
1 15
1 55
1 17
1 22
1 37
1 85
1 14
1 95
1 89
1 5
1 73
2 51
2 23
2 60
2 96
2 49
2 16
2 38
2 42
2 17
2 40
2 14
2 55
2 100
2 62
2 94
2 50
2 93
2 47
2 71
2 43
2 34
2 18
2 44
2 22
2 46
2 37
2 59
2 92
2 30
2 19
2 26
2 70
2 65
2 89
2 15
2 3
2 98
2 86
2 52
2 13
2 9
2 99
2 35
2 75
2 12
2 81
2 78
2 53
2 85
2 27
2 73
2 24
2 87
2 58
2 76
2 64
2 61
2 95
2 8
2 97
2 88
2 48
2 32
2 80
2 11
2 63
2 54
2 68
2 20
2 45
2 29
2 74
2 5
2 4
2 90
2 6
2 84
2 21
2 67
2 66
2 25
2 36
2 72
2 33
2 57
2 91
2 41
2 10
2 79
2 39
2 69
2 82
2 7
2 28
2 56
2 83
2 77
2 31
3 16
3 54
3 95
3 12
3 80
3 69
3 53
3 52
3 4
3 26
3 46
3 84
3 9
3 34
3 88
3 8
3 66
3 67
3 5
3 79
3 27
3 22
3 49
3 71
3 35
3 19
3 75
3 91
3 11
3 90
3 41
3 25
3 45
3 68
3 43
3 7
3 98
3 18
3 70
3 78
3 57
3 29
3 51
3 82
3 42
3 21
3 44
3 30
3 64
3 6
3 86
3 74
3 94
3 76
3 56
3 59
3 39
3 100
3 65
3 10
3 61
3 50
3 38
3 32
3 24
3 83
3 36
3 23
3 85
3 60
3 20
3 37
3 14
3 97
3 77
3 13
3 55
3 15
3 72
3 87
3 28
3 62
3 89
3 47
3 99
3 73
3 96
3 81
3 48
3 17
3 31
3 63
3 93
3 33
3 58
3 40
3 92
4 38
4 30
4 83
4 71
4 39
4 70
4 86
4 14
4 10
4 27
4 46
4 16
4 73
4 91
4 28
4 34
4 9
4 68
4 6
4 90
4 15
4 44
4 92
4 99
4 75
4 51
4 100
4 32
4 49
4 24
4 47
4 35
4 54
4 18
4 53
4 79
4 77
4 43
4 23
4 58
4 41
4 72
4 7
4 81
4 89
4 21
4 65
4 55
4 19
4 78
4 56
4 40
4 11
4 85
4 31
4 95
4 93
4 62
4 42
4 96
4 36
4 20
4 94
4 50
4 37
4 33
4 60
4 13
4 45
4 84
4 26
4 69
4 12
4 59
4 25
4 57
4 52
4 88
4 97
4 80
4 66
4 74
4 76
4 63
4 98
4 17
4 67
4 61
4 82
4 64
4 87
4 8
4 29
4 48
4 22
4 5
5 35
5 15
5 22
5 59
5 92
5 99
5 34
5 81
5 90
5 19
5 69
5 18
5 68
5 29
5 86
5 32
5 93
5 51
5 48
5 50
5 74
5 25
5 12
5 100
5 7
5 11
5 95
5 8
5 70
5 43
5 64
5 17
5 97
5 62
5 96
5 24
5 63
5 52
5 78
5 46
5 36
5 87
5 72
5 20
5 77
5 9
5 98
5 75
5 65
5 47
5 37
5 16
5 80
5 40
5 53
5 66
5 55
5 82
5 54
5 49
5 57
5 91
5 85
5 45
5 6
5 38
5 76
5 79
5 60
5 26
5 58
5 61
5 31
5 42
5 13
5 41
5 21
5 83
5 33
5 84
5 10
5 94
5 89
5 23
5 44
5 28
5 27
5 88
5 14
5 56
5 39
5 67
5 30
5 71
5 73
6 32
6 29
6 36
6 83
6 26
6 38
6 9
6 76
6 54
6 19
6 71
6 67
6 80
6 46
6 31
6 25
6 59
6 24
6 73
6 92
6 75
6 21
6 22
6 18
6 48
6 87
6 58
6 13
6 68
6 70
6 85
6 63
6 69
6 27
6 82
6 93
6 81
6 44
6 17
6 72
6 45
6 78
6 98
6 86
6 91
6 95
6 90
6 8
6 60
6 55
6 53
6 23
6 43
6 66
6 35
6 64
6 74
6 34
6 39
6 20
6 33
6 88
6 10
6 61
6 52
6 49
6 47
6 94
6 79
6 99
6 15
6 16
6 30
6 51
6 96
6 14
6 62
6 7
6 77
6 42
6 37
6 41
6 65
6 100
6 89
6 97
6 12
6 57
6 50
6 84
6 56
6 40
6 28
6 11
7 32
7 79
7 90
7 53
7 78
7 100
7 46
7 85
7 65
7 49
7 73
7 24
7 56
7 66
7 68
7 97
7 37
7 59
7 18
7 63
7 40
7 30
7 31
7 99
7 94
7 81
7 39
7 43
7 10
7 52
7 26
7 27
7 41
7 77
7 60
7 47
7 83
7 17
7 80
7 95
7 71
7 96
7 34
7 76
7 62
7 9
7 11
7 15
7 86
7 50
7 54
7 42
7 28
7 93
7 14
7 88
7 19
7 29
7 92
7 55
7 58
7 12
7 67
7 82
7 8
7 33
7 98
7 21
7 74
7 91
7 75
7 36
7 70
7 84
7 23
7 64
7 13
7 69
7 87
7 16
7 25
7 35
7 38
7 48
7 51
7 44
7 61
7 22
7 20
7 89
7 45
7 72
7 57
8 46
8 80
8 59
8 33
8 97
8 92
8 19
8 86
8 25
8 96
8 100
8 82
8 22
8 13
8 44
8 36
8 66
8 64
8 12
8 98
8 72
8 88
8 48
8 56
8 35
8 34
8 16
8 30
8 27
8 67
8 74
8 99
8 20
8 85
8 37
8 68
8 83
8 78
8 51
8 91
8 60
8 90
8 23
8 47
8 81
8 10
8 79
8 43
8 53
8 15
8 41
8 58
8 57
8 14
8 26
8 40
8 89
8 94
8 28
8 21
8 42
8 75
8 32
8 52
8 70
8 77
8 9
8 95
8 49
8 71
8 93
8 61
8 31
8 11
8 62
8 65
8 54
8 73
8 50
8 38
8 39
8 18
8 69
8 55
8 24
8 84
8 45
8 63
8 76
8 29
8 17
8 87
9 41
9 90
9 21
9 30
9 97
9 79
9 66
9 60
9 81
9 80
9 12
9 86
9 40
9 38
9 42
9 33
9 84
9 45
9 13
9 57
9 73
9 67
9 89
9 32
9 34
9 11
9 31
9 95
9 50
9 93
9 99
9 59
9 61
9 28
9 25
9 53
9 48
9 62
9 37
9 52
9 72
9 88
9 49
9 27
9 10
9 23
9 75
9 14
9 46
9 85
9 24
9 47
9 43
9 74
9 16
9 18
9 15
9 76
9 91
9 69
9 65
9 39
9 68
9 58
9 56
9 83
9 19
9 82
9 96
9 71
9 22
9 54
9 63
9 26
9 78
9 17
9 87
9 51
9 100
9 29
9 44
9 35
9 92
9 20
9 98
9 55
9 77
9 36
9 94
9 70
9 64
10 33
10 38
10 41
10 13
10 96
10 60
10 67
10 24
10 100
10 64
10 76
10 58
10 19
10 49
10 86
10 73
10 31
10 62
10 53
10 82
10 18
10 20
10 57
10 70
10 37
10 42
10 91
10 79
10 52
10 11
10 35
10 81
10 65
10 80
10 15
10 32
10 61
10 21
10 26
10 90
10 74
10 55
10 87
10 29
10 14
10 72
10 83
10 34
10 98
10 66
10 17
10 40
10 85
10 44
10 48
10 50
10 93
10 75
10 88
10 47
10 43
10 63
10 97
10 22
10 56
10 59
10 30
10 78
10 36
10 25
10 99
10 92
10 94
10 69
10 28
10 39
10 27
10 84
10 45
10 16
10 71
10 68
10 89
10 95
10 12
10 77
10 54
10 23
10 46
10 51
11 51
11 77
11 63
11 58
11 27
11 71
11 88
11 30
11 57
11 13
11 67
11 92
11 50
11 14
11 60
11 19
11 87
11 76
11 17
11 75
11 21
11 37
11 61
11 15
11 44
11 56
11 16
11 90
11 20
11 46
11 32
11 43
11 36
11 47
11 72
11 66
11 24
11 81
11 64
11 99
11 95
11 100
11 28
11 93
11 98
11 35
11 82
11 55
11 25
11 74
11 79
11 18
11 22
11 45
11 68
11 29
11 70
11 40
11 91
11 31
11 84
11 96
11 86
11 54
11 12
11 59
11 78
11 23
11 97
11 53
11 34
11 49
11 52
11 38
11 42
11 94
11 73
11 83
11 62
11 48
11 85
11 69
11 41
11 26
11 33
11 80
11 65
11 39
11 89
12 62
12 82
12 53
12 94
12 14
12 74
12 18
12 99
12 37
12 96
12 100
12 16
12 15
12 60
12 79
12 93
12 26
12 39
12 67
12 83
12 27
12 69
12 71
12 49
12 41
12 85
12 72
12 43
12 61
12 33
12 24
12 86
12 90
12 34
12 89
12 88
12 77
12 70
12 46
12 78
12 64
12 66
12 80
12 19
12 31
12 54
12 21
12 38
12 45
12 42
12 84
12 47
12 35
12 36
12 40
12 63
12 55
12 98
12 97
12 29
12 52
12 76
12 50
12 73
12 87
12 22
12 20
12 91
12 51
12 23
12 65
12 28
12 25
12 17
12 58
12 68
12 57
12 32
12 48
12 56
12 81
12 13
12 75
12 59
12 95
12 30
12 44
12 92
13 25
13 37
13 41
13 94
13 18
13 55
13 14
13 95
13 88
13 56
13 99
13 27
13 45
13 38
13 19
13 29
13 87
13 68
13 24
13 84
13 90
13 80
13 35
13 93
13 23
13 52
13 62
13 57
13 67
13 82
13 54
13 75
13 44
13 21
13 92
13 91
13 28
13 69
13 33
13 22
13 97
13 58
13 48
13 50
13 31
13 43
13 42
13 98
13 83
13 32
13 53
13 36
13 26
13 65
13 40
13 51
13 100
13 66
13 85
13 86
13 81
13 34
13 16
13 77
13 64
13 76
13 71
13 63
13 39
13 96
13 74
13 73
13 89
13 59
13 17
13 46
13 79
13 49
13 30
13 70
13 15
13 60
13 20
13 61
13 72
13 47
13 78
14 31
14 33
14 46
14 50
14 32
14 57
14 43
14 67
14 45
14 66
14 25
14 44
14 80
14 97
14 92
14 65
14 20
14 21
14 75
14 51
14 27
14 72
14 18
14 29
14 79
14 85
14 62
14 68
14 19
14 88
14 90
14 42
14 83
14 48
14 78
14 74
14 58
14 34
14 96
14 17
14 99
14 55
14 89
14 56
14 41
14 23
14 37
14 76
14 84
14 69
14 86
14 53
14 24
14 70
14 87
14 54
14 73
14 100
14 39
14 16
14 28
14 30
14 93
14 94
14 26
14 47
14 82
14 98
14 95
14 81
14 22
14 63
14 15
14 40
14 59
14 71
14 91
14 60
14 61
14 38
14 49
14 35
14 77
14 52
14 64
14 36
15 61
15 95
15 29
15 69
15 31
15 78
15 53
15 28
15 87
15 70
15 25
15 21
15 20
15 90
15 57
15 30
15 35
15 32
15 77
15 55
15 33
15 49
15 66
15 89
15 96
15 63
15 23
15 46
15 34
15 84
15 52
15 60
15 68
15 85
15 22
15 45
15 67
15 92
15 58
15 43
15 42
15 79
15 73
15 86
15 26
15 19
15 38
15 72
15 75
15 50
15 76
15 64
15 16
15 39
15 59
15 71
15 88
15 80
15 41
15 94
15 93
15 47
15 74
15 56
15 36
15 98
15 65
15 54
15 24
15 83
15 40
15 97
15 100
15 18
15 51
15 62
15 37
15 99
15 48
15 81
15 27
15 82
15 91
15 44
15 17
16 59
16 24
16 45
16 68
16 98
16 74
16 58
16 83
16 67
16 40
16 62
16 43
16 77
16 64
16 27
16 44
16 32
16 92
16 36
16 96
16 99
16 55
16 80
16 47
16 73
16 94
16 38
16 35
16 82
16 50
16 30
16 87
16 49
16 53
16 18
16 51
16 17
16 56
16 52
16 66
16 90
16 22
16 84
16 71
16 75
16 42
16 93
16 72
16 20
16 61
16 97
16 81
16 65
16 100
16 39
16 19
16 34
16 33
16 70
16 57
16 95
16 86
16 76
16 89
16 78
16 88
16 85
16 69
16 79
16 48
16 31
16 60
16 54
16 26
16 91
16 41
16 37
16 29
16 63
16 46
16 28
16 25
16 23
16 21
17 88
17 22
17 49
17 61
17 79
17 51
17 25
17 28
17 59
17 39
17 74
17 29
17 20
17 19
17 72
17 36
17 24
17 98
17 67
17 95
17 42
17 100
17 35
17 69
17 87
17 43
17 78
17 57
17 81
17 92
17 23
17 64
17 26
17 31
17 52
17 27
17 94
17 30
17 62
17 33
17 40
17 71
17 82
17 99
17 70
17 48
17 60
17 86
17 68
17 58
17 90
17 77
17 34
17 47
17 91
17 54
17 41
17 53
17 55
17 56
17 89
17 44
17 84
17 83
17 75
17 73
17 18
17 21
17 65
17 85
17 46
17 93
17 38
17 45
17 50
17 63
17 96
17 37
17 32
17 76
17 97
17 80
17 66
18 73
18 68
18 88
18 31
18 99
18 46
18 27
18 100
18 66
18 64
18 78
18 72
18 74
18 65
18 25
18 36
18 80
18 20
18 41
18 91
18 54
18 19
18 39
18 69
18 84
18 38
18 34
18 87
18 44
18 98
18 50
18 32
18 63
18 43
18 23
18 40
18 61
18 79
18 94
18 92
18 59
18 89
18 70
18 49
18 35
18 60
18 56
18 51
18 52
18 85
18 86
18 81
18 45
18 21
18 82
18 53
18 55
18 62
18 67
18 77
18 83
18 48
18 97
18 57
18 30
18 96
18 37
18 24
18 22
18 58
18 33
18 28
18 75
18 76
18 95
18 42
18 29
18 93
18 90
18 26
18 47
18 71
19 44
19 89
19 20
19 69
19 85
19 64
19 56
19 91
19 80
19 71
19 79
19 88
19 33
19 38
19 30
19 28
19 73
19 32
19 94
19 37
19 50
19 63
19 24
19 95
19 75
19 25
19 72
19 29
19 41
19 81
19 45
19 100
19 61
19 52
19 68
19 76
19 99
19 53
19 57
19 22
19 27
19 54
19 90
19 60
19 55
19 31
19 97
19 78
19 62
19 35
19 23
19 93
19 84
19 67
19 58
19 42
19 74
19 92
19 96
19 49
19 46
19 65
19 47
19 83
19 51
19 87
19 48
19 70
19 66
19 39
19 98
19 86
19 82
19 43
19 21
19 26
19 40
19 34
19 36
19 59
19 77
20 94
20 76
20 60
20 27
20 49
20 99
20 56
20 52
20 28
20 64
20 77
20 31
20 85
20 40
20 82
20 63
20 41
20 68
20 45
20 65
20 39
20 43
20 50
20 83
20 88
20 57
20 21
20 72
20 42
20 75
20 37
20 80
20 29
20 54
20 46
20 70
20 33
20 58
20 32
20 91
20 71
20 89
20 84
20 74
20 26
20 96
20 51
20 59
20 86
20 47
20 97
20 48
20 61
20 30
20 78
20 36
20 23
20 92
20 38
20 66
20 22
20 53
20 98
20 25
20 81
20 93
20 67
20 90
20 55
20 100
20 44
20 87
20 35
20 73
20 24
20 69
20 95
20 34
20 62
20 79
21 22
21 45
21 27
21 72
21 32
21 88
21 79
21 63
21 80
21 93
21 90
21 58
21 25
21 46
21 39
21 50
21 62
21 24
21 66
21 91
21 71
21 68
21 65
21 95
21 44
21 29
21 86
21 30
21 78
21 87
21 31
21 94
21 98
21 64
21 75
21 38
21 54
21 28
21 41
21 43
21 70
21 52
21 34
21 69
21 61
21 35
21 23
21 99
21 55
21 73
21 37
21 67
21 47
21 92
21 97
21 96
21 85
21 77
21 49
21 36
21 51
21 81
21 40
21 59
21 53
21 60
21 57
21 56
21 83
21 48
21 84
21 82
21 42
21 74
21 76
21 89
21 26
21 33
21 100
22 92
22 31
22 60
22 98
22 73
22 74
22 82
22 50
22 37
22 76
22 61
22 93
22 88
22 59
22 45
22 41
22 79
22 42
22 94
22 58
22 90
22 44
22 51
22 100
22 36
22 96
22 39
22 63
22 85
22 84
22 33
22 30
22 40
22 91
22 32
22 27
22 86
22 65
22 34
22 78
22 47
22 72
22 48
22 53
22 75
22 54
22 71
22 49
22 29
22 56
22 99
22 67
22 46
22 81
22 38
22 64
22 68
22 26
22 23
22 97
22 66
22 35
22 57
22 77
22 69
22 87
22 95
22 43
22 24
22 83
22 25
22 55
22 80
22 62
22 28
22 70
22 89
22 52
23 88
23 70
23 68
23 37
23 90
23 82
23 53
23 41
23 50
23 39
23 63
23 67
23 58
23 66
23 93
23 74
23 72
23 27
23 64
23 86
23 91
23 57
23 42
23 73
23 59
23 65
23 52
23 60
23 46
23 34
23 47
23 29
23 78
23 100
23 35
23 69
23 98
23 83
23 44
23 99
23 43
23 87
23 96
23 28
23 71
23 48
23 32
23 95
23 25
23 49
23 75
23 62
23 31
23 30
23 55
23 94
23 85
23 61
23 40
23 76
23 89
23 38
23 79
23 54
23 97
23 24
23 77
23 45
23 26
23 80
23 51
23 36
23 56
23 81
23 33
23 84
23 92
24 87
24 76
24 49
24 51
24 26
24 55
24 89
24 82
24 25
24 52
24 92
24 60
24 59
24 84
24 62
24 71
24 38
24 61
24 46
24 67
24 100
24 44
24 83
24 78
24 63
24 53
24 91
24 57
24 97
24 35
24 56
24 65
24 86
24 74
24 64
24 42
24 39
24 33
24 99
24 70
24 93
24 40
24 77
24 31
24 30
24 28
24 85
24 58
24 75
24 47
24 73
24 27
24 81
24 68
24 41
24 72
24 37
24 98
24 50
24 79
24 29
24 34
24 88
24 48
24 94
24 36
24 95
24 69
24 43
24 80
24 54
24 45
24 96
24 32
24 66
24 90
25 47
25 46
25 90
25 64
25 62
25 93
25 75
25 51
25 84
25 79
25 35
25 57
25 80
25 65
25 68
25 87
25 42
25 26
25 50
25 49
25 77
25 55
25 94
25 82
25 53
25 59
25 67
25 41
25 98
25 71
25 28
25 27
25 73
25 40
25 83
25 54
25 100
25 63
25 86
25 78
25 69
25 89
25 33
25 36
25 30
25 96
25 88
25 39
25 32
25 52
25 34
25 76
25 70
25 48
25 43
25 31
25 72
25 81
25 66
25 61
25 91
25 95
25 37
25 58
25 29
25 99
25 60
25 38
25 74
25 44
25 97
25 45
25 56
25 85
25 92
26 56
26 82
26 70
26 85
26 60
26 55
26 40
26 36
26 58
26 94
26 32
26 41
26 45
26 34
26 76
26 66
26 71
26 51
26 61
26 100
26 52
26 73
26 37
26 80
26 30
26 88
26 99
26 38
26 68
26 63
26 78
26 74
26 69
26 98
26 33
26 67
26 31
26 81
26 35
26 57
26 72
26 84
26 97
26 89
26 75
26 95
26 86
26 62
26 83
26 64
26 54
26 39
26 93
26 46
26 79
26 59
26 77
26 91
26 44
26 50
26 47
26 29
26 28
26 49
26 90
26 65
26 48
26 27
26 92
26 53
26 43
26 96
26 87
26 42
27 59
27 29
27 28
27 88
27 90
27 75
27 84
27 77
27 51
27 32
27 66
27 38
27 42
27 78
27 69
27 40
27 87
27 46
27 50
27 35
27 94
27 97
27 76
27 63
27 67
27 91
27 68
27 31
27 98
27 44
27 36
27 39
27 65
27 93
27 74
27 61
27 82
27 86
27 81
27 71
27 99
27 96
27 85
27 80
27 54
27 57
27 100
27 62
27 47
27 95
27 53
27 56
27 73
27 83
27 70
27 55
27 48
27 72
27 64
27 79
27 89
27 41
27 49
27 58
27 52
27 37
27 30
27 60
27 43
27 34
27 45
27 33
27 92
28 53
28 87
28 56
28 95
28 50
28 72
28 81
28 75
28 64
28 78
28 82
28 35
28 96
28 62
28 76
28 83
28 37
28 48
28 74
28 57
28 44
28 92
28 54
28 49
28 61
28 88
28 71
28 33
28 80
28 98
28 46
28 66
28 69
28 42
28 65
28 40
28 90
28 100
28 97
28 68
28 85
28 60
28 84
28 31
28 99
28 45
28 59
28 77
28 41
28 67
28 58
28 93
28 30
28 63
28 38
28 29
28 91
28 32
28 47
28 79
28 39
28 36
28 73
28 86
28 55
28 94
28 51
28 89
28 70
28 34
28 52
28 43
29 87
29 69
29 42
29 40
29 35
29 46
29 100
29 33
29 76
29 65
29 95
29 97
29 67
29 92
29 44
29 71
29 72
29 39
29 70
29 86
29 57
29 41
29 66
29 32
29 96
29 99
29 84
29 61
29 81
29 89
29 56
29 73
29 51
29 47
29 77
29 98
29 79
29 63
29 45
29 78
29 53
29 50
29 54
29 48
29 68
29 90
29 60
29 38
29 94
29 59
29 85
29 91
29 64
29 52
29 93
29 43
29 74
29 37
29 83
29 49
29 80
29 34
29 55
29 88
29 36
29 82
29 62
29 31
29 75
29 30
29 58
30 95
30 36
30 94
30 76
30 92
30 89
30 58
30 69
30 96
30 39
30 99
30 32
30 57
30 84
30 66
30 47
30 51
30 70
30 42
30 97
30 68
30 71
30 34
30 98
30 72
30 85
30 55
30 60
30 75
30 77
30 31
30 93
30 67
30 88
30 81
30 62
30 40
30 59
30 87
30 53
30 43
30 86
30 91
30 65
30 80
30 35
30 78
30 48
30 38
30 37
30 63
30 100
30 41
30 79
30 74
30 61
30 49
30 64
30 83
30 54
30 33
30 90
30 56
30 73
30 46
30 45
30 82
30 44
30 52
30 50
31 73
31 49
31 91
31 56
31 44
31 54
31 90
31 97
31 67
31 65
31 76
31 33
31 58
31 70
31 50
31 60
31 35
31 74
31 96
31 55
31 46
31 68
31 63
31 71
31 84
31 98
31 89
31 75
31 83
31 41
31 47
31 81
31 51
31 36
31 38
31 64
31 100
31 48
31 80
31 93
31 53
31 34
31 88
31 79
31 92
31 99
31 40
31 45
31 43
31 78
31 87
31 86
31 52
31 82
31 62
31 69
31 42
31 72
31 39
31 32
31 95
31 37
31 59
31 61
31 66
31 85
31 77
31 94
31 57
32 60
32 53
32 38
32 44
32 59
32 84
32 82
32 37
32 42
32 55
32 86
32 90
32 58
32 63
32 75
32 88
32 77
32 72
32 62
32 43
32 83
32 54
32 41
32 70
32 52
32 73
32 35
32 40
32 74
32 61
32 69
32 97
32 93
32 48
32 92
32 51
32 98
32 66
32 87
32 45
32 33
32 47
32 65
32 79
32 96
32 67
32 81
32 89
32 49
32 39
32 100
32 94
32 85
32 99
32 34
32 36
32 71
32 46
32 68
32 56
32 57
32 64
32 76
32 91
32 95
32 78
32 80
32 50
33 76
33 39
33 68
33 71
33 72
33 90
33 73
33 56
33 58
33 52
33 69
33 75
33 93
33 55
33 92
33 41
33 89
33 54
33 34
33 78
33 67
33 38
33 88
33 50
33 49
33 46
33 43
33 48
33 84
33 47
33 40
33 37
33 36
33 62
33 57
33 85
33 51
33 97
33 95
33 44
33 64
33 86
33 65
33 94
33 59
33 99
33 100
33 70
33 91
33 74
33 42
33 80
33 45
33 61
33 83
33 81
33 82
33 66
33 77
33 35
33 96
33 63
33 60
33 98
33 87
33 79
33 53
34 90
34 57
34 68
34 45
34 65
34 64
34 44
34 69
34 55
34 48
34 91
34 37
34 86
34 43
34 78
34 40
34 99
34 53
34 100
34 76
34 66
34 35
34 38
34 71
34 50
34 58
34 81
34 70
34 85
34 39
34 51
34 98
34 63
34 83
34 54
34 94
34 67
34 95
34 41
34 42
34 84
34 49
34 88
34 74
34 89
34 77
34 96
34 87
34 72
34 60
34 92
34 79
34 80
34 73
34 52
34 56
34 61
34 93
34 82
34 59
34 46
34 47
34 97
34 36
34 75
34 62
35 92
35 71
35 94
35 74
35 62
35 51
35 63
35 86
35 89
35 60
35 44
35 61
35 40
35 48
35 47
35 81
35 65
35 88
35 59
35 57
35 37
35 72
35 96
35 99
35 95
35 52
35 36
35 78
35 100
35 84
35 73
35 38
35 77
35 69
35 91
35 93
35 87
35 54
35 79
35 55
35 82
35 98
35 42
35 75
35 67
35 85
35 90
35 46
35 66
35 45
35 58
35 49
35 64
35 76
35 80
35 56
35 50
35 53
35 39
35 41
35 70
35 43
35 68
35 97
35 83
36 64
36 75
36 41
36 90
36 50
36 99
36 72
36 63
36 68
36 83
36 80
36 74
36 71
36 82
36 58
36 59
36 94
36 98
36 87
36 79
36 73
36 78
36 97
36 96
36 38
36 39
36 85
36 91
36 47
36 54
36 44
36 69
36 51
36 53
36 55
36 86
36 42
36 92
36 84
36 37
36 49
36 67
36 100
36 88
36 76
36 65
36 62
36 40
36 95
36 43
36 89
36 60
36 66
36 57
36 93
36 52
36 56
36 70
36 61
36 46
36 77
36 45
36 81
36 48
37 38
37 52
37 60
37 86
37 76
37 80
37 99
37 93
37 62
37 92
37 42
37 58
37 97
37 75
37 88
37 50
37 82
37 72
37 56
37 83
37 63
37 85
37 87
37 95
37 44
37 54
37 74
37 90
37 91
37 39
37 71
37 94
37 67
37 40
37 59
37 68
37 78
37 84
37 64
37 47
37 57
37 73
37 69
37 49
37 53
37 100
37 51
37 66
37 61
37 45
37 46
37 98
37 70
37 41
37 81
37 48
37 79
37 65
37 96
37 43
37 77
37 55
37 89
38 55
38 99
38 96
38 86
38 72
38 54
38 97
38 84
38 98
38 71
38 63
38 83
38 64
38 77
38 43
38 85
38 51
38 93
38 67
38 48
38 87
38 92
38 100
38 75
38 58
38 59
38 73
38 44
38 90
38 41
38 65
38 46
38 40
38 82
38 60
38 42
38 78
38 49
38 80
38 70
38 61
38 47
38 69
38 57
38 52
38 50
38 66
38 94
38 79
38 95
38 76
38 39
38 91
38 74
38 45
38 81
38 68
38 56
38 53
38 62
38 88
38 89
39 81
39 98
39 75
39 57
39 76
39 65
39 88
39 55
39 92
39 71
39 49
39 93
39 52
39 97
39 54
39 66
39 85
39 68
39 40
39 94
39 74
39 62
39 53
39 58
39 99
39 86
39 91
39 64
39 87
39 45
39 78
39 80
39 51
39 79
39 69
39 82
39 59
39 60
39 42
39 46
39 96
39 61
39 72
39 90
39 77
39 50
39 83
39 95
39 67
39 43
39 84
39 63
39 100
39 89
39 47
39 41
39 44
39 48
39 70
39 73
39 56
40 90
40 69
40 70
40 91
40 56
40 96
40 63
40 54
40 51
40 50
40 55
40 44
40 58
40 66
40 95
40 83
40 94
40 99
40 60
40 53
40 59
40 67
40 76
40 75
40 80
40 97
40 93
40 48
40 64
40 98
40 77
40 73
40 45
40 71
40 79
40 68
40 72
40 57
40 43
40 61
40 41
40 74
40 89
40 92
40 100
40 86
40 84
40 42
40 81
40 62
40 82
40 65
40 52
40 87
40 88
40 78
40 47
40 85
40 49
40 46
41 46
41 98
41 66
41 87
41 53
41 81
41 91
41 51
41 75
41 86
41 78
41 97
41 89
41 48
41 71
41 63
41 77
41 99
41 64
41 68
41 59
41 47
41 80
41 52
41 84
41 74
41 90
41 95
41 50
41 73
41 94
41 76
41 43
41 88
41 44
41 62
41 60
41 79
41 49
41 45
41 58
41 82
41 85
41 65
41 93
41 67
41 57
41 83
41 100
41 42
41 69
41 96
41 92
41 61
41 55
41 54
41 70
41 56
41 72
42 59
42 60
42 98
42 58
42 97
42 74
42 91
42 53
42 83
42 68
42 76
42 85
42 87
42 80
42 96
42 72
42 84
42 65
42 79
42 78
42 67
42 89
42 56
42 54
42 57
42 77
42 52
42 75
42 62
42 47
42 44
42 50
42 46
42 99
42 73
42 92
42 48
42 100
42 70
42 45
42 43
42 90
42 86
42 63
42 55
42 81
42 49
42 71
42 66
42 61
42 93
42 88
42 64
42 82
42 51
42 94
42 69
42 95
43 44
43 63
43 90
43 51
43 47
43 78
43 64
43 95
43 84
43 87
43 92
43 56
43 74
43 55
43 66
43 60
43 82
43 61
43 85
43 86
43 57
43 88
43 70
43 79
43 99
43 80
43 75
43 73
43 83
43 93
43 59
43 52
43 69
43 62
43 94
43 89
43 53
43 72
43 77
43 96
43 48
43 91
43 45
43 49
43 97
43 54
43 67
43 100
43 98
43 81
43 68
43 65
43 76
43 71
43 46
43 50
43 58
44 94
44 95
44 83
44 55
44 64
44 81
44 51
44 82
44 57
44 100
44 88
44 69
44 90
44 45
44 97
44 54
44 62
44 93
44 65
44 70
44 86
44 77
44 63
44 85
44 71
44 75
44 99
44 66
44 74
44 48
44 49
44 73
44 47
44 46
44 68
44 52
44 98
44 91
44 96
44 59
44 79
44 72
44 50
44 56
44 87
44 67
44 60
44 92
44 76
44 80
44 53
44 84
44 58
44 61
44 78
44 89
45 86
45 89
45 67
45 93
45 91
45 97
45 54
45 75
45 64
45 65
45 53
45 80
45 74
45 63
45 58
45 78
45 83
45 66
45 55
45 49
45 99
45 72
45 70
45 84
45 90
45 52
45 85
45 96
45 82
45 71
45 57
45 62
45 87
45 51
45 61
45 98
45 94
45 92
45 59
45 69
45 81
45 88
45 95
45 60
45 48
45 73
45 68
45 79
45 76
45 46
45 77
45 56
45 50
45 100
45 47
46 73
46 100
46 60
46 74
46 93
46 62
46 80
46 56
46 82
46 75
46 76
46 68
46 69
46 92
46 55
46 77
46 51
46 71
46 53
46 85
46 48
46 67
46 87
46 54
46 81
46 70
46 52
46 58
46 63
46 90
46 97
46 64
46 96
46 79
46 72
46 98
46 94
46 49
46 83
46 65
46 59
46 78
46 86
46 61
46 95
46 99
46 57
46 84
46 91
46 47
46 89
46 66
46 50
46 88
47 64
47 59
47 49
47 83
47 100
47 54
47 55
47 79
47 70
47 57
47 56
47 52
47 95
47 58
47 53
47 88
47 51
47 77
47 97
47 66
47 80
47 84
47 75
47 67
47 96
47 94
47 93
47 71
47 72
47 78
47 61
47 82
47 85
47 91
47 98
47 87
47 90
47 81
47 89
47 69
47 74
47 68
47 60
47 62
47 50
47 76
47 63
47 92
47 86
47 65
47 48
47 73
47 99
48 96
48 99
48 69
48 80
48 61
48 54
48 64
48 82
48 49
48 76
48 70
48 68
48 87
48 89
48 65
48 62
48 95
48 83
48 78
48 66
48 50
48 74
48 71
48 98
48 52
48 51
48 72
48 60
48 63
48 53
48 81
48 59
48 77
48 58
48 56
48 55
48 88
48 100
48 57
48 91
48 75
48 67
48 97
48 86
48 73
48 92
48 79
48 85
48 90
48 94
48 84
48 93
49 65
49 72
49 70
49 81
49 69
49 55
49 83
49 60
49 64
49 97
49 94
49 96
49 51
49 52
49 71
49 74
49 67
49 100
49 57
49 58
49 88
49 59
49 89
49 95
49 91
49 77
49 54
49 92
49 66
49 68
49 61
49 53
49 63
49 76
49 75
49 56
49 79
49 80
49 87
49 85
49 84
49 98
49 73
49 62
49 99
49 90
49 93
49 78
49 86
49 50
49 82
50 68
50 86
50 53
50 61
50 70
50 92
50 88
50 96
50 75
50 100
50 66
50 79
50 99
50 94
50 87
50 98
50 51
50 60
50 56
50 77
50 58
50 62
50 57
50 76
50 55
50 84
50 97
50 81
50 93
50 83
50 80
50 74
50 73
50 52
50 85
50 78
50 63
50 64
50 69
50 59
50 71
50 95
50 54
50 82
50 90
50 67
50 72
50 91
50 89
50 65
51 62
51 90
51 76
51 99
51 54
51 68
51 83
51 96
51 80
51 94
51 73
51 65
51 88
51 52
51 92
51 84
51 95
51 53
51 64
51 55
51 61
51 97
51 58
51 93
51 86
51 78
51 77
51 60
51 81
51 89
51 59
51 63
51 91
51 57
51 70
51 87
51 100
51 82
51 56
51 85
51 79
51 71
51 72
51 75
51 69
51 67
51 74
51 98
51 66
52 89
52 80
52 98
52 72
52 71
52 92
52 60
52 62
52 63
52 54
52 100
52 77
52 59
52 75
52 86
52 82
52 95
52 67
52 99
52 58
52 57
52 96
52 69
52 74
52 84
52 88
52 83
52 61
52 73
52 87
52 90
52 93
52 76
52 81
52 64
52 55
52 78
52 94
52 53
52 70
52 97
52 68
52 85
52 66
52 65
52 56
52 79
52 91
53 63
53 62
53 86
53 72
53 68
53 83
53 54
53 75
53 56
53 92
53 70
53 59
53 82
53 65
53 74
53 97
53 69
53 71
53 88
53 89
53 58
53 73
53 98
53 67
53 55
53 81
53 100
53 93
53 79
53 84
53 77
53 95
53 66
53 57
53 87
53 76
53 61
53 90
53 64
53 91
53 60
53 96
53 80
53 99
53 85
53 78
53 94
54 66
54 83
54 95
54 71
54 76
54 89
54 55
54 85
54 81
54 78
54 94
54 87
54 69
54 60
54 96
54 77
54 67
54 92
54 59
54 70
54 90
54 61
54 88
54 58
54 73
54 93
54 68
54 80
54 64
54 74
54 84
54 75
54 79
54 56
54 82
54 99
54 97
54 65
54 63
54 72
54 57
54 62
54 100
54 86
54 98
54 91
55 76
55 79
55 60
55 57
55 63
55 100
55 98
55 81
55 96
55 91
55 74
55 72
55 85
55 78
55 66
55 87
55 83
55 92
55 70
55 99
55 65
55 62
55 61
55 75
55 97
55 89
55 56
55 93
55 86
55 95
55 90
55 77
55 71
55 73
55 68
55 94
55 58
55 82
55 59
55 69
55 67
55 80
55 84
55 88
55 64
56 96
56 71
56 94
56 76
56 87
56 86
56 84
56 75
56 77
56 72
56 83
56 98
56 97
56 81
56 58
56 69
56 64
56 73
56 88
56 90
56 93
56 82
56 65
56 57
56 66
56 80
56 89
56 59
56 91
56 74
56 92
56 61
56 78
56 60
56 70
56 67
56 68
56 63
56 79
56 99
56 62
56 85
56 100
56 95
57 64
57 93
57 81
57 96
57 87
57 89
57 71
57 88
57 67
57 100
57 78
57 82
57 99
57 74
57 73
57 94
57 65
57 59
57 79
57 98
57 61
57 75
57 58
57 72
57 66
57 83
57 68
57 69
57 63
57 70
57 86
57 77
57 90
57 91
57 97
57 92
57 62
57 60
57 80
57 95
57 76
57 84
57 85
58 64
58 87
58 67
58 71
58 66
58 70
58 72
58 62
58 77
58 82
58 97
58 74
58 84
58 81
58 90
58 60
58 88
58 98
58 95
58 92
58 79
58 99
58 83
58 69
58 85
58 100
58 61
58 86
58 94
58 91
58 75
58 63
58 96
58 89
58 65
58 80
58 68
58 93
58 73
58 59
58 76
58 78
59 71
59 60
59 80
59 82
59 89
59 66
59 85
59 93
59 98
59 100
59 61
59 72
59 99
59 64
59 75
59 83
59 63
59 76
59 69
59 86
59 62
59 94
59 87
59 79
59 68
59 81
59 78
59 73
59 74
59 70
59 92
59 90
59 95
59 65
59 77
59 91
59 67
59 97
59 84
59 96
59 88
60 64
60 87
60 69
60 67
60 61
60 84
60 86
60 74
60 99
60 95
60 78
60 65
60 90
60 83
60 63
60 72
60 80
60 98
60 79
60 92
60 70
60 88
60 62
60 100
60 85
60 81
60 91
60 97
60 93
60 71
60 82
60 76
60 94
60 77
60 89
60 66
60 96
60 75
60 73
60 68
61 81
61 63
61 64
61 66
61 73
61 86
61 95
61 92
61 77
61 100
61 71
61 85
61 84
61 93
61 75
61 69
61 67
61 72
61 89
61 76
61 87
61 74
61 88
61 70
61 96
61 91
61 97
61 62
61 83
61 65
61 82
61 94
61 78
61 79
61 68
61 90
61 98
61 99
61 80
62 83
62 65
62 67
62 85
62 99
62 74
62 100
62 70
62 84
62 76
62 98
62 73
62 88
62 78
62 79
62 82
62 64
62 80
62 89
62 71
62 91
62 72
62 95
62 63
62 96
62 69
62 86
62 97
62 68
62 77
62 81
62 66
62 75
62 90
62 93
62 92
62 94
62 87
63 82
63 86
63 72
63 92
63 100
63 69
63 88
63 77
63 67
63 83
63 93
63 75
63 79
63 96
63 87
63 98
63 84
63 74
63 94
63 71
63 73
63 81
63 97
63 99
63 91
63 65
63 64
63 66
63 76
63 80
63 95
63 85
63 90
63 89
63 68
63 70
63 78
64 70
64 93
64 83
64 79
64 75
64 100
64 67
64 94
64 82
64 87
64 95
64 78
64 88
64 81
64 71
64 80
64 72
64 90
64 92
64 89
64 98
64 68
64 84
64 85
64 69
64 73
64 91
64 76
64 66
64 96
64 65
64 99
64 74
64 86
64 97
64 77
65 96
65 68
65 67
65 66
65 71
65 75
65 86
65 81
65 73
65 95
65 83
65 85
65 88
65 94
65 91
65 74
65 92
65 93
65 89
65 69
65 72
65 87
65 70
65 76
65 79
65 97
65 99
65 98
65 77
65 90
65 78
65 84
65 100
65 82
65 80
66 90
66 75
66 97
66 91
66 86
66 77
66 74
66 94
66 99
66 92
66 100
66 96
66 69
66 78
66 88
66 95
66 81
66 89
66 85
66 79
66 83
66 98
66 67
66 76
66 71
66 80
66 82
66 70
66 73
66 93
66 72
66 84
66 87
66 68
67 85
67 72
67 100
67 94
67 87
67 91
67 77
67 70
67 75
67 83
67 76
67 80
67 69
67 93
67 90
67 78
67 89
67 84
67 82
67 88
67 92
67 79
67 74
67 97
67 68
67 81
67 96
67 95
67 98
67 73
67 71
67 86
67 99
68 99
68 89
68 72
68 77
68 70
68 81
68 79
68 100
68 96
68 74
68 84
68 97
68 91
68 73
68 69
68 83
68 95
68 80
68 90
68 98
68 71
68 93
68 76
68 88
68 78
68 86
68 94
68 92
68 75
68 87
68 82
68 85
69 91
69 86
69 83
69 84
69 79
69 85
69 80
69 96
69 72
69 89
69 90
69 93
69 87
69 95
69 71
69 76
69 75
69 98
69 82
69 78
69 74
69 73
69 99
69 92
69 94
69 100
69 97
69 81
69 88
69 77
69 70
70 85
70 82
70 92
70 75
70 73
70 88
70 97
70 93
70 98
70 91
70 90
70 78
70 81
70 89
70 77
70 76
70 86
70 74
70 84
70 95
70 96
70 100
70 72
70 94
70 71
70 79
70 83
70 87
70 99
70 80
71 82
71 95
71 91
71 98
71 97
71 84
71 86
71 88
71 83
71 90
71 77
71 96
71 73
71 74
71 93
71 79
71 81
71 87
71 89
71 72
71 92
71 78
71 94
71 76
71 75
71 85
71 100
71 99
71 80
72 87
72 79
72 98
72 99
72 84
72 93
72 78
72 92
72 95
72 76
72 81
72 96
72 91
72 83
72 85
72 100
72 80
72 82
72 77
72 73
72 89
72 88
72 94
72 74
72 90
72 75
72 86
72 97
73 74
73 89
73 79
73 88
73 92
73 84
73 90
73 100
73 91
73 94
73 85
73 82
73 95
73 75
73 81
73 98
73 78
73 97
73 80
73 87
73 77
73 86
73 76
73 99
73 83
73 93
73 96
74 98
74 83
74 99
74 95
74 88
74 90
74 80
74 85
74 78
74 81
74 92
74 91
74 89
74 97
74 82
74 84
74 93
74 96
74 75
74 79
74 100
74 94
74 77
74 76
74 86
74 87
75 77
75 91
75 90
75 98
75 76
75 88
75 83
75 94
75 84
75 100
75 92
75 96
75 93
75 86
75 81
75 97
75 95
75 79
75 87
75 78
75 80
75 89
75 82
75 85
75 99
76 90
76 77
76 92
76 94
76 79
76 78
76 91
76 97
76 83
76 98
76 82
76 81
76 86
76 96
76 87
76 89
76 95
76 99
76 100
76 88
76 80
76 85
76 84
76 93
77 88
77 91
77 87
77 89
77 82
77 98
77 85
77 90
77 79
77 92
77 97
77 93
77 83
77 81
77 99
77 80
77 95
77 86
77 100
77 84
77 78
77 96
77 94
78 100
78 89
78 86
78 87
78 85
78 97
78 81
78 92
78 99
78 83
78 91
78 94
78 79
78 95
78 88
78 93
78 84
78 80
78 96
78 90
78 82
78 98
79 81
79 92
79 84
79 90
79 95
79 88
79 94
79 85
79 82
79 87
79 99
79 93
79 80
79 100
79 83
79 91
79 86
79 97
79 89
79 98
79 96
80 88
80 91
80 98
80 99
80 83
80 100
80 94
80 82
80 87
80 89
80 97
80 95
80 92
80 86
80 93
80 81
80 90
80 85
80 84
80 96
81 87
81 90
81 83
81 93
81 85
81 96
81 82
81 91
81 94
81 88
81 98
81 99
81 86
81 92
81 97
81 84
81 100
81 95
81 89
82 98
82 86
82 91
82 95
82 96
82 89
82 99
82 83
82 93
82 87
82 84
82 90
82 92
82 100
82 97
82 85
82 94
82 88
83 94
83 93
83 91
83 89
83 98
83 87
83 88
83 90
83 95
83 96
83 86
83 99
83 92
83 100
83 85
83 97
83 84
84 98
84 92
84 93
84 100
84 89
84 91
84 87
84 94
84 85
84 99
84 86
84 88
84 95
84 90
84 97
84 96
85 89
85 96
85 86
85 88
85 99
85 94
85 98
85 93
85 92
85 90
85 91
85 100
85 95
85 87
85 97
86 89
86 91
86 94
86 96
86 87
86 99
86 98
86 95
86 90
86 97
86 93
86 92
86 100
86 88
87 99
87 91
87 93
87 97
87 95
87 98
87 96
87 92
87 94
87 89
87 88
87 90
87 100
88 92
88 90
88 94
88 89
88 98
88 96
88 99
88 95
88 93
88 91
88 97
88 100
89 95
89 99
89 92
89 93
89 90
89 100
89 91
89 98
89 94
89 97
89 96
90 95
90 100
90 99
90 93
90 94
90 98
90 91
90 92
90 97
90 96
91 100
91 95
91 98
91 92
91 99
91 97
91 96
91 93
91 94
92 97
92 98
92 96
92 95
92 100
92 94
92 93
92 99
93 99
93 94
93 95
93 100
93 96
93 98
93 97
94 99
94 100
94 97
94 95
94 98
94 96
95 100
95 97
95 98
95 99
95 96
96 97
96 100
96 99
96 98
97 100
97 99
97 98
98 100
98 99
99 100
