100 202 72
1 13 7
1 15 9
2 3 5
2 41 5
2 50 1
3 6 8
3 12 8
3 75 2
3 99 5
4 42 3
4 44 9
4 68 2
6 0 7
6 77 7
7 55 3
7 63 7
8 18 7
8 49 3
8 80 7
10 13 5
11 22 2
11 97 3
12 7 7
12 31 8
12 49 5
12 78 1
13 38 5
13 51 7
13 57 4
14 1 6
14 59 8
14 70 9
15 34 7
18 22 3
18 36 8
19 5 1
19 59 4
19 75 2
20 5 1
20 23 2
20 30 3
21 27 8
21 38 6
21 54 9
22 4 6
23 64 7
24 10 1
24 40 2
24 73 8
24 94 8
26 18 4
26 36 1
26 37 3
26 44 3
26 65 6
26 76 9
26 78 3
27 41 4
27 42 3
27 52 1
29 30 1
29 40 4
29 98 1
30 27 8
30 43 4
31 29 2
31 84 1
32 77 9
33 25 3
33 78 4
34 23 2
34 24 5
34 44 8
35 16 1
36 29 1
36 84 5
38 77 7
39 74 2
40 84 7
40 93 1
41 40 8
42 6 3
42 46 3
42 78 6
43 62 4
43 89 6
44 2 3
44 40 6
45 1 8
46 59 1
46 70 2
47 33 5
47 49 5
47 73 8
48 26 7
48 41 8
49 79 8
49 85 7
50 46 8
50 78 1
50 92 6
52 1 5
52 8 6
52 79 2
52 90 1
53 20 9
53 55 2
54 45 7
55 62 8
56 66 6
56 89 1
57 40 8
58 2 1
58 18 3
58 19 6
58 46 3
58 54 2
58 77 4
59 26 6
59 49 1
60 24 2
60 47 5
60 95 5
61 8 3
61 9 9
61 22 2
61 24 1
61 70 9
62 52 7
64 46 5
64 56 2
64 58 5
64 82 8
64 86 1
65 58 1
66 15 3
66 30 3
67 98 2
69 8 1
69 39 5
69 58 5
70 18 2
70 51 1
72 65 3
73 0 8
74 53 7
74 99 5
75 21 3
76 10 4
76 20 3
76 35 6
76 49 5
76 69 5
76 95 2
77 6 4
77 17 3
77 26 6
77 30 7
77 34 8
77 36 1
77 64 1
78 6 9
78 81 9
79 87 2
79 90 4
80 71 4
82 31 3
82 73 4
83 33 8
83 47 7
83 77 8
84 7 3
84 27 8
84 61 3
84 83 5
84 89 2
85 53 3
85 76 4
86 25 2
86 81 5
87 5 6
87 95 7
88 13 4
88 67 4
88 83 5
90 32 4
90 96 5
91 26 9
91 97 2
93 60 9
94 28 8
95 8 6
95 59 8
95 85 8
96 3 9
96 26 3
96 30 3
96 82 2
98 33 5
98 90 2
99 10 9
99 40 4
