300 6
301 15
302 30
303 23
304 45
305 30
306 1
307 19
308 74
309 77
310 53
311 83
312 20
313 41
314 88
315 63
316 54
317 67
318 34
319 45
320 18
321 20
322 33
323 59
324 64
325 90
326 71
327 61
328 98
329 78
330 48
331 17
332 42
333 14
334 62
335 55
336 80
337 72
338 46
339 25
340 1
341 37
342 37
343 3
344 51
345 15
346 32
348 39
349 85
350 23
351 27
352 100
353 56
354 16
355 78
356 65
357 62
358 80
359 26
360 94
361 32
362 29
363 31
364 22
365 37
366 65
367 29
368 8
369 16
370 64
371 82
372 100
373 47
374 7
375 58
376 4
377 76
378 43
379 72
380 99
381 80
382 5
383 82
384 63
385 95
386 29
387 44
388 62
389 94
390 76
391 39
392 72
393 18
394 96
395 90
396 67
397 84
398 57
399 4
