400 50
401 16
402 56
403 31
404 37
405 42
406 99
407 62
408 2
409 53
410 18
411 77
412 57
413 36
414 4
415 90
416 56
417 15
418 93
419 44
420 30
421 62
422 59
423 92
424 29
425 63
426 62
427 32
428 66
429 40
430 80
431 77
432 99
433 6
434 23
435 68
436 10
437 60
438 1
439 99
440 97
441 90
442 46
443 66
444 1
445 66
446 35
447 53
448 40
449 77
450 35
451 19
452 98
453 28
454 14
455 72
456 41
457 73
458 63
459 16
460 21
461 47
462 71
463 -1
464 76
465 88
466 36
467 7
468 17
469 75
470 55
471 69
472 11
473 82
474 29
475 3
476 45
477 68
478 49
479 80
480 61
481 -1
482 9
483 81
484 5
485 28
486 67
487 61
488 55
489 12
491 50
492 4
493 3
494 43
495 6
496 61
497 33
498 45
499 2
