200 65
201 31
202 75
203 90
204 26
205 7
206 43
207 52
208 15
209 6
210 50
211 22
212 -1
213 12
214 34
215 16
216 65
217 15
218 44
219 31
220 21
221 4
222 92
223 9
224 23
225 1
226 89
227 70
228 68
229 38
230 11
231 70
232 92
233 28
234 69
235 61
236 7
237 61
238 46
239 51
240 55
241 15
242 16
243 59
244 75
245 92
246 32
247 76
248 25
249 47
250 94
251 32
252 31
253 50
254 8
255 40
256 19
257 64
258 74
259 8
260 24
261 68
262 3
263 25
264 75
265 51
266 43
267 88
268 60
269 27
270 30
271 63
272 11
273 65
274 63
275 63
276 3
277 73
278 57
279 70
280 9
281 48
282 100
284 49
285 9
286 31
287 80
288 47
289 40
290 70
291 90
292 69
293 48
294 84
295 50
296 84
297 77
298 25
299 43
