400 82
401 48
402 59
403 79
404 36
405 56
406 73
407 38
408 56
409 70
410 8
411 35
412 86
413 8
414 35
415 79
416 68
417 82
418 60
419 96
420 88
421 50
422 28
423 97
424 47
425 58
426 85
427 91
428 41
429 58
430 69
431 5
432 53
433 99
434 28
435 90
436 47
437 -1
438 7
439 20
440 84
441 50
442 54
443 16
444 90
445 24
446 4
447 14
448 52
449 26
450 11
451 100
452 69
453 33
454 22
455 47
456 29
457 96
458 99
459 100
460 12
461 45
462 59
463 29
464 74
465 41
466 23
467 90
468 95
469 55
470 26
471 80
472 2
473 66
474 84
475 65
476 44
477 30
478 86
479 25
480 60
481 35
482 7
483 30
484 24
485 -1
486 33
487 39
488 37
489 82
490 56
491 36
492 80
493 28
494 19
495 93
496 26
497 7
498 81
499 28
