300 74
301 78
302 67
303 39
304 49
305 57
306 91
307 69
308 16
309 10
310 37
311 36
312 55
313 50
314 54
315 81
316 92
317 100
318 98
319 98
320 97
321 63
322 77
323 33
324 6
325 93
326 17
327 23
328 91
329 25
330 82
331 76
332 69
333 52
334 22
335 80
336 68
337 50
338 93
339 92
340 55
341 26
342 18
343 88
344 15
345 10
346 33
347 93
348 94
349 14
350 31
351 46
352 17
353 17
354 91
355 30
356 99
357 45
358 83
359 58
360 1
361 51
362 98
363 66
364 23
365 20
366 89
367 4
368 64
369 69
370 77
371 96
372 53
373 4
374 20
375 77
376 18
377 22
378 59
379 48
380 96
381 51
382 53
383 9
384 81
385 69
386 54
387 43
388 73
389 15
390 9
391 69
392 73
393 65
394 49
395 44
396 21
397 45
398 15
399 67
