0 36
1 93
2 50
3 2
4 55
5 52
6 40
7 53
8 31
9 15
10 8
11 89
12 13
13 18
14 9
15 11
16 67
17 59
18 28
19 16
20 54
21 46
22 44
23 85
24 21
25 39
26 34
27 80
28 91
30 63
31 33
32 6
33 51
34 17
35 46
36 17
37 75
38 9
39 82
40 84
41 80
42 53
43 59
44 20
45 32
46 73
47 31
48 21
49 65
50 98
51 47
52 100
53 81
54 51
55 18
56 58
58 62
59 24
60 33
61 24
62 10
63 56
64 31
65 100
66 43
67 31
68 18
69 97
70 91
71 48
72 100
73 72
74 78
75 43
76 8
77 62
78 30
79 95
80 81
81 80
82 74
83 14
84 5
85 32
86 35
87 54
88 21
89 90
90 78
91 48
92 93
93 79
94 11
95 82
96 27
97 87
98 35
99 95
