300 24
301 25
302 70
303 22
304 -1
305 48
306 79
307 24
308 73
309 56
310 10
311 25
312 12
313 57
314 84
315 76
316 32
317 77
318 58
319 55
320 53
321 35
322 71
323 96
324 20
325 51
326 81
327 9
328 67
329 61
330 96
331 42
332 38
333 91
334 26
335 83
336 9
337 6
338 6
339 70
340 22
341 3
342 62
343 91
344 11
345 59
346 41
347 47
348 20
349 17
350 17
351 41
352 90
353 62
354 17
355 2
356 73
357 37
358 79
359 45
360 41
361 14
362 59
363 4
364 95
365 45
366 15
367 17
368 52
369 80
370 44
371 29
372 63
373 65
374 62
375 93
376 83
377 1
378 90
379 49
380 56
381 99
382 39
383 3
384 2
385 77
387 60
388 45
389 90
390 22
391 90
392 80
393 52
394 42
395 26
396 43
397 70
398 76
399 21
