400 37
401 2
402 54
403 84
404 52
405 11
406 20
407 26
408 55
409 73
410 93
411 48
412 97
413 45
414 9
415 61
416 90
417 11
418 79
419 12
420 2
421 12
422 2
423 35
424 1
425 4
426 83
427 19
428 33
429 62
430 79
431 28
432 78
433 51
434 27
435 71
436 48
437 9
438 16
439 84
440 60
441 -1
442 98
443 -1
444 64
445 21
446 5
447 55
448 16
449 86
450 9
451 78
452 50
453 68
454 76
455 76
456 4
457 47
458 86
459 81
460 17
461 33
462 3
463 33
464 69
465 94
466 78
467 87
468 48
469 36
470 36
471 100
472 36
473 54
474 66
475 72
476 62
477 92
478 20
479 53
480 77
481 76
482 24
483 61
484 80
485 5
486 7
488 48
489 79
490 92
491 33
492 68
493 57
494 50
495 3
496 11
497 32
498 97
499 78
