100 84
101 30
102 81
103 68
104 88
105 2
106 50
107 26
108 37
109 9
110 82
111 98
112 70
113 77
114 86
115 24
116 43
117 73
118 39
119 18
120 57
121 4
122 55
123 23
124 39
125 45
126 7
127 13
128 43
129 49
130 69
131 18
132 88
133 58
134 84
135 31
136 6
137 67
138 52
139 92
141 46
142 27
143 57
144 31
145 55
146 88
147 1
148 24
149 78
150 10
151 26
152 98
153 50
154 38
155 97
156 90
157 30
158 39
159 72
160 54
161 83
163 96
164 4
165 8
166 56
167 66
168 71
169 25
170 35
171 18
172 71
173 25
174 23
175 29
176 94
177 83
178 20
179 48
180 18
181 20
182 83
183 78
184 69
185 97
186 13
187 8
188 8
189 54
190 62
191 59
192 10
193 40
194 69
195 94
196 31
197 27
198 71
199 11
