200 60
201 4
202 34
203 56
204 31
205 49
206 4
207 38
208 60
209 27
210 52
211 77
212 45
213 13
214 77
215 50
216 70
217 86
218 39
219 39
220 99
221 35
222 69
223 40
224 23
225 65
226 25
228 80
229 48
230 17
231 54
232 68
233 20
234 83
235 88
236 53
237 32
238 12
239 62
240 44
241 57
242 74
243 29
244 2
245 85
246 66
247 64
248 94
249 80
250 79
251 69
252 9
253 18
254 63
255 34
256 95
257 6
258 42
259 17
260 47
261 23
262 74
263 40
264 26
265 82
266 37
267 71
268 61
269 18
270 80
271 57
272 15
273 65
274 42
275 1
276 1
277 14
278 83
279 -1
280 53
281 26
282 30
283 50
284 13
285 80
286 48
287 98
288 18
289 42
290 11
291 52
292 61
293 81
294 48
295 96
296 8
297 72
298 27
299 9
