400 50
401 90
402 54
403 24
404 49
405 66
406 67
407 32
408 35
409 100
410 19
411 60
412 48
413 19
414 29
415 46
416 45
417 76
418 88
419 5
420 88
421 18
423 82
424 57
425 28
426 21
427 30
428 42
429 42
430 47
431 24
432 -1
433 77
434 71
435 17
436 95
437 16
438 98
439 49
440 72
441 75
442 76
443 20
444 50
445 88
446 39
447 88
448 71
449 41
450 39
451 89
452 23
453 62
454 4
455 55
456 42
457 69
458 43
459 30
460 36
461 98
462 76
463 63
464 17
465 9
466 51
467 21
468 30
469 74
470 25
471 34
472 42
473 38
474 54
475 48
476 49
477 37
478 77
479 85
480 20
481 44
482 55
483 72
484 59
485 28
486 31
487 63
488 74
489 28
490 74
491 55
492 86
493 3
494 78
495 39
496 17
497 53
498 83
499 28
