0 70
1 86
2 -1
3 1
4 16
5 75
6 95
7 10
8 77
9 87
10 52
11 77
12 35
13 60
14 3
15 30
16 42
17 93
18 18
19 78
20 42
21 43
22 46
23 8
24 39
25 12
26 99
27 18
28 14
29 48
30 27
31 37
32 41
33 81
34 31
35 96
36 37
37 51
38 52
39 72
40 58
41 17
42 12
43 31
44 26
45 60
46 18
47 73
48 81
49 14
50 15
51 88
52 8
53 2
54 66
55 7
56 93
57 81
58 80
59 53
60 31
61 83
62 17
63 70
64 45
65 76
66 72
67 92
68 40
69 71
70 9
71 60
72 55
73 46
74 77
75 91
76 26
77 96
78 48
79 9
80 4
81 90
82 90
83 5
84 9
85 40
86 58
87 3
89 37
90 65
91 27
92 13
93 93
94 58
95 50
96 4
97 58
98 63
99 45
