100 65
101 24
102 75
103 2
104 50
105 20
106 99
107 76
108 64
109 39
110 82
111 88
112 72
113 26
114 12
115 73
116 91
117 93
118 33
119 16
120 15
121 79
122 79
123 29
124 90
125 61
126 38
127 2
128 48
129 40
130 68
131 11
132 71
133 10
134 30
135 7
136 10
137 53
138 26
139 51
140 2
141 100
142 4
143 6
144 85
145 76
146 49
147 73
148 46
149 43
150 70
151 3
152 -1
153 79
154 43
155 59
156 55
157 7
158 58
159 15
160 13
161 99
162 83
163 80
164 59
165 52
166 86
167 24
168 80
169 8
170 78
171 13
172 54
173 96
174 72
175 69
176 93
177 24
178 10
179 86
180 40
181 50
182 2
183 26
184 25
185 92
186 39
187 41
188 10
189 96
190 62
191 37
192 5
193 13
194 32
195 73
196 28
197 33
198 63
199 39
