200 98
201 99
202 6
203 94
204 98
205 85
206 56
207 87
208 97
209 88
210 77
211 50
212 50
213 67
214 45
215 54
216 90
217 87
218 20
219 17
220 2
221 80
222 91
223 30
224 29
225 64
226 23
227 18
228 34
229 8
230 66
231 60
232 41
233 50
234 2
235 100
236 95
237 47
238 27
239 35
240 39
241 91
242 95
243 13
244 48
245 49
246 25
247 32
248 65
249 43
250 5
251 71
252 94
253 42
254 10
255 96
256 10
257 98
258 59
259 97
260 10
261 72
262 26
263 75
264 45
265 92
266 50
267 37
268 10
269 33
270 98
271 23
272 88
273 66
274 100
275 34
276 14
277 27
278 -1
279 96
280 63
281 93
282 91
283 2
284 59
285 27
286 39
287 62
288 12
289 100
290 77
291 38
292 86
293 86
294 21
295 71
296 4
297 15
298 54
299 25
