400 48
401 98
402 31
403 7
404 39
405 14
406 13
407 56
408 35
409 33
410 64
411 22
412 42
413 91
414 79
415 90
416 40
417 55
418 76
419 70
420 16
421 93
422 92
423 30
424 56
425 66
426 45
427 45
428 24
429 21
430 44
431 55
432 52
433 100
434 40
435 33
436 90
437 23
438 31
439 24
440 68
442 28
443 13
444 77
445 87
446 43
447 100
448 14
449 82
450 22
451 96
452 66
453 23
454 77
455 90
456 76
457 37
458 94
459 58
460 7
461 2
462 87
463 90
464 61
465 33
466 18
467 64
468 24
469 9
470 4
471 91
472 19
473 5
474 7
475 8
476 53
477 13
478 69
479 96
480 97
481 25
482 83
483 37
484 23
485 83
486 75
487 85
488 22
489 81
490 52
491 25
492 9
493 76
494 34
495 41
496 87
497 21
498 25
499 3
