100 25
101 83
102 56
103 44
104 92
105 54
106 19
107 55
108 79
109 53
110 55
111 37
112 31
113 57
114 8
115 87
116 95
117 72
118 63
119 76
120 10
121 98
122 39
123 4
124 49
125 40
126 51
127 85
128 88
129 95
130 70
131 79
132 75
133 96
134 68
135 97
136 81
137 49
138 4
139 39
140 84
141 50
142 32
143 93
144 62
145 90
146 13
147 63
148 84
149 15
150 50
151 52
152 92
153 55
154 38
156 63
157 30
158 26
159 77
160 7
161 76
162 19
163 36
164 15
165 6
166 92
167 23
168 26
169 39
170 45
171 22
172 27
173 16
174 100
175 80
176 3
177 45
178 48
179 73
180 38
182 30
183 30
184 74
185 34
186 11
187 26
188 -1
189 82
190 75
191 44
192 40
193 98
194 82
195 24
196 29
197 25
198 86
199 12
