200 56
201 77
202 2
203 40
204 89
205 2
206 1
207 34
208 55
209 48
210 5
211 3
212 31
213 78
214 30
215 22
216 20
217 98
218 30
219 64
220 96
221 88
222 4
223 55
224 21
225 93
226 21
227 80
228 57
229 38
230 65
231 75
232 29
233 62
234 24
235 31
236 88
237 27
238 36
239 23
240 1
241 61
242 10
243 59
244 7
245 24
246 93
247 37
248 14
249 9
250 72
251 5
252 3
253 70
254 36
256 76
257 -1
258 80
259 43
260 9
261 6
262 76
263 29
264 7
265 60
266 83
267 70
268 47
269 12
270 35
271 48
272 77
273 66
274 52
275 69
276 76
277 64
278 38
279 58
280 75
281 16
282 8
283 8
284 10
285 92
286 49
287 50
288 86
289 76
290 96
291 62
292 52
293 82
294 59
295 20
296 39
298 36
299 35
