400 64
401 87
402 98
403 20
404 15
405 -1
406 88
407 80
408 23
409 11
410 31
411 53
412 60
413 90
414 10
415 29
416 50
417 83
418 71
419 11
420 65
421 29
422 71
423 76
424 52
425 87
426 57
427 22
428 14
429 2
430 68
431 28
432 26
433 99
434 45
435 100
436 60
437 82
438 89
439 99
440 49
441 87
442 94
443 22
444 41
445 36
446 72
447 85
448 65
449 41
450 83
451 4
452 97
453 82
454 32
455 10
456 55
457 70
458 16
459 20
460 68
461 92
462 13
463 6
464 61
465 50
466 -1
467 53
468 64
469 18
470 7
471 67
472 87
473 55
474 10
475 79
477 29
478 97
479 86
480 22
481 20
482 39
483 99
484 91
485 47
486 98
487 59
488 34
489 44
490 22
492 16
493 10
494 66
495 42
496 64
497 11
498 6
499 51
