200 58
201 2
202 24
203 98
204 41
205 58
206 14
207 76
208 29
209 25
210 18
211 65
212 39
213 87
214 92
215 2
216 8
217 71
218 95
219 99
220 17
221 18
222 100
223 16
224 43
225 85
226 69
227 88
228 71
229 55
230 16
231 13
232 17
233 73
234 44
235 49
236 94
237 99
238 90
239 66
240 90
241 80
242 68
243 10
244 47
245 26
246 19
247 56
248 93
249 62
250 73
251 55
252 16
253 12
254 81
255 57
256 35
257 96
258 17
259 5
260 -1
261 100
262 84
263 29
264 84
265 4
266 9
267 5
268 1
269 52
270 76
271 25
272 32
273 6
274 48
275 91
276 7
277 41
278 14
279 98
280 54
281 13
282 55
283 8
284 23
285 79
286 100
287 31
288 73
289 88
290 51
291 37
292 42
293 50
294 96
295 88
296 67
297 20
298 94
299 33
