200 77
201 82
202 47
203 50
204 46
205 46
206 3
207 90
208 74
209 7
210 78
211 48
212 37
213 95
214 45
215 24
216 32
217 16
218 55
219 13
220 70
221 53
222 12
223 89
224 51
225 77
226 21
227 96
228 8
229 52
230 83
231 32
232 33
233 63
234 21
235 13
236 61
237 24
238 95
239 83
240 65
241 45
242 75
243 32
244 77
245 53
246 26
247 41
248 33
249 71
250 39
251 38
252 78
253 9
254 33
255 94
256 70
257 60
258 40
259 37
260 11
261 85
262 78
264 17
265 96
266 61
267 97
268 43
269 56
270 96
271 86
272 60
273 74
274 4
275 44
276 59
277 82
278 85
279 100
280 43
281 25
282 40
283 44
284 15
285 40
286 83
287 45
288 59
289 50
290 49
292 80
293 85
294 31
295 31
296 55
297 88
298 47
299 90
