0.585 0.41500000000000004
0.508 0.492
0.508 0.492
0.662 0.33799999999999997
0.585 0.41500000000000004
0.2 0.8
0.431 0.569
0.277 0.723
0.354 0.646
0.277 0.723
0.277 0.723
0.354 0.646
0.508 0.492
0.508 0.492
0.277 0.723
0.815 0.18500000000000005
0.738 0.262
0.738 0.262
0.815 0.18500000000000005
0.662 0.33799999999999997
0.662 0.33799999999999997
0.585 0.41500000000000004
0.585 0.41500000000000004
0.431 0.569
0.2 0.8
0.354 0.646
0.277 0.723
0.2 0.8
0.585 0.41500000000000004
0.354 0.646
0.277 0.723
0.431 0.569
0.2 0.8
0.508 0.492
0.277 0.723
0.277 0.723
0.738 0.262
0.431 0.569
0.738 0.262
0.431 0.569
0.354 0.646
0.431 0.569
0.354 0.646
0.431 0.569
0.815 0.18500000000000005
0.277 0.723
0.662 0.33799999999999997
0.508 0.492
0.431 0.569
0.585 0.41500000000000004
0.662 0.33799999999999997
0.354 0.646
0.277 0.723
0.354 0.646
0.662 0.33799999999999997
0.585 0.41500000000000004
0.2 0.8
0.738 0.262
0.662 0.33799999999999997
0.431 0.569
0.738 0.262
0.277 0.723
0.277 0.723
0.815 0.18500000000000005
0.431 0.569
0.508 0.492
0.277 0.723
0.277 0.723
0.431 0.569
0.2 0.8
0.354 0.646
0.815 0.18500000000000005
0.277 0.723
0.738 0.262
0.662 0.33799999999999997
0.2 0.8
0.815 0.18500000000000005
0.354 0.646
0.815 0.18500000000000005
0.585 0.41500000000000004
0.2 0.8
0.738 0.262
0.2 0.8
0.431 0.569
0.277 0.723
0.815 0.18500000000000005
0.354 0.646
0.277 0.723
0.585 0.41500000000000004
0.738 0.262
0.354 0.646
0.431 0.569
0.738 0.262
0.431 0.569
0.277 0.723
0.431 0.569
0.354 0.646
0.277 0.723
0.585 0.41500000000000004
0.277 0.723
