0.4308 0.3769 0.2 0.7846 0.2
0.3538 0.3769 0.8154 0.4769 0.2
0.4308 0.6846 0.7385 0.7077 0.8154
0.8154 0.3769 0.6615 0.5538 0.5846
0.3538 0.6077 0.8154 0.4 0.5846
0.5077 0.6846 0.2769 0.7846 0.7385
0.7385 0.4538 0.4308 0.4 0.5077
0.8154 0.5308 0.8154 0.7077 0.5077
0.7385 0.8385 0.5077 0.7077 0.4308
0.7385 0.8385 0.8154 0.4 0.3538
0.7385 0.5308 0.8154 0.4 0.6615
0.2 0.4538 0.2 0.7846 0.6615
0.4308 0.3 0.6615 0.4769 0.2769
0.5077 0.8385 0.7385 0.5538 0.3538
0.7385 0.8385 0.8154 0.7846 0.5077
0.7385 0.5308 0.5846 0.4 0.5846
0.5846 0.6077 0.3538 0.6308 0.3538
0.2769 0.6077 0.6615 0.4769 0.5846
0.3538 0.4538 0.2 0.4769 0.5077
0.7385 0.3769 0.7385 0.4769 0.7385
0.3538 0.3769 0.5077 0.5538 0.2769
0.4308 0.6077 0.5077 0.6308 0.2
0.6615 0.7615 0.5846 0.5538 0.5846
0.2769 0.4538 0.6615 0.4769 0.5077
0.2 0.6846 0.5077 0.7846 0.2769
0.2769 0.3769 0.2 0.6308 0.2769
0.6615 0.6846 0.4308 0.6308 0.4308
0.5077 0.7615 0.4308 0.4769 0.4308
0.2769 0.6077 0.2769 0.6308 0.5846
0.4308 0.3 0.3538 0.6308 0.3538
0.7385 0.3 0.2769 0.7077 0.6615
0.7385 0.6077 0.2769 0.7846 0.2769
0.2769 0.5308 0.2 0.7077 0.2769
0.3538 0.3769 0.8154 0.6308 0.7385
0.5077 0.3 0.5846 0.7846 0.5846
0.4308 0.6077 0.5077 0.7846 0.2
0.4308 0.6846 0.7385 0.6308 0.8154
0.5846 0.3769 0.8154 0.7846 0.6615
0.6615 0.5308 0.5077 0.4 0.5077
0.2 0.3769 0.4308 0.7077 0.5846
0.7385 0.5308 0.2769 0.4769 0.2
0.6615 0.7615 0.6615 0.4 0.6615
0.5846 0.7615 0.7385 0.4769 0.2
0.7385 0.6846 0.5846 0.7846 0.5846
0.2769 0.6846 0.8154 0.6308 0.8154
0.8154 0.6077 0.5846 0.4769 0.4308
0.3538 0.3769 0.3538 0.7846 0.5077
0.3538 0.3 0.4308 0.6308 0.8154
0.7385 0.7615 0.5846 0.7846 0.2
0.8154 0.5308 0.4308 0.7846 0.7385
0.3538 0.5308 0.5846 0.6308 0.5077
0.3538 0.3769 0.7385 0.7077 0.5077
0.8154 0.3769 0.5077 0.4769 0.7385
0.6615 0.3769 0.7385 0.5538 0.2
0.2769 0.7615 0.7385 0.4 0.3538
0.8154 0.8385 0.2769 0.7077 0.8154
0.6615 0.7615 0.5077 0.4769 0.2
0.4308 0.4538 0.5846 0.7077 0.2
0.6615 0.6846 0.5846 0.4 0.5077
0.6615 0.8385 0.5846 0.4 0.8154
0.2 0.4538 0.2 0.6308 0.4308
0.2769 0.4538 0.8154 0.4769 0.2
0.6615 0.8385 0.2769 0.4 0.5846
0.8154 0.6846 0.2 0.5538 0.7385
0.2 0.6846 0.7385 0.6308 0.7385
0.7385 0.8385 0.3538 0.7077 0.5846
0.3538 0.8385 0.3538 0.5538 0.3538
0.2 0.3 0.3538 0.5538 0.2
0.2769 0.3 0.7385 0.4769 0.5846
0.2 0.5308 0.4308 0.4 0.2769
0.6615 0.3 0.4308 0.6308 0.7385
0.2 0.5308 0.2769 0.7077 0.8154
0.8154 0.5308 0.5077 0.4 0.5077
0.8154 0.3769 0.2 0.7077 0.8154
0.3538 0.4538 0.8154 0.4769 0.7385
0.5846 0.8385 0.6615 0.6308 0.5077
0.3538 0.6846 0.7385 0.7846 0.3538
0.5846 0.6077 0.2 0.5538 0.2
0.7385 0.6846 0.2769 0.4769 0.2769
0.5077 0.5308 0.5846 0.7846 0.4308
0.4308 0.5308 0.4308 0.6308 0.4308
0.2769 0.7615 0.2 0.4 0.5846
0.4308 0.3769 0.3538 0.7846 0.8154
0.6615 0.3769 0.2 0.4 0.2
0.5077 0.3 0.5846 0.4 0.2769
0.2769 0.5308 0.2769 0.4769 0.3538
0.2769 0.8385 0.2769 0.6308 0.5846
0.2769 0.6846 0.2 0.5538 0.3538
0.3538 0.3 0.2769 0.7077 0.6615
0.8154 0.7615 0.4308 0.6308 0.6615
0.2769 0.4538 0.4308 0.4 0.6615
0.5846 0.6846 0.6615 0.6308 0.4308
0.5077 0.4538 0.8154 0.6308 0.2
0.2769 0.7615 0.5077 0.4769 0.8154
0.2769 0.6846 0.2769 0.5538 0.6615
0.2769 0.3 0.5846 0.7077 0.2769
0.2 0.6846 0.6615 0.4769 0.5846
0.5077 0.6077 0.5846 0.5538 0.4308
0.2769 0.8385 0.2769 0.4769 0.2
0.3538 0.3769 0.4308 0.4 0.6615
